Type	Potassium bromate (875 uM)	DBADE (0.109 uM)	Temozolomide (200 uM)	DMH (11.6 mM) + S9	Benzidine (200 uM)	MX (7 uM) + S9	Methyleugenol (1.25 mM)	DBP (0.0313 uM) + S9	BPDE (0.125 uM)	MNU (350 uM)	ENU (400 uM)	AAI (1.25 uM)	Ellipticine (0.375 uM) + S9	DBA (75 uM) + S9	5-Methylchrysene (1.6 uM) + S9	SSR (1.25 J)	Propylene oxide (10 mM)	DES (0.938 mM)	Carboplatin (5 uM)	DBAC (5 uM) + S9	Cisplatin (12.5 uM)	3-NBA (0.1 uM)	PhIP (4 uM) + S9	BaP (2 uM) + S9	6-Nitrochrysene (50 uM) + S9	6-Nitrochrysene (50 uM)	1,8-DNP (8 uM)	DBPDE (0.000625 uM)
A[C>A]A	0.109398510425891	0.0240330588511261	0	0.00665025743214769	0.0564462237667514	0.0494977586860332	0.111458492403729	0.00869925685873544	0.0237017339519746	0.00262256704780487	0.0130480902574389	0.00428520931740606	0.0482801050571615	0.0323606741641645	0.0286278352872072	2.22941465639634e-05	0.0104143358776828	0.014166642071802	0.00194170922837543	0.00673772703708239	1.12145020078519e-05	0.0258298926507019	0.032667880519281	0.0283815533748292	0.00855231498108648	0.00555769823738427	0.0180349250334742	0.0186419336589614
A[C>A]C	0.00313065820393033	0.0155444165486495	7.29548226647583e-06	0.00360319192320189	0.0284122220300739	0.0410380000497786	0.000305531552738121	0.000375460239818752	0.0423393201619696	0.000145090156834612	0.00400727842562415	0.00246041362929884	0.0324563048789496	0.0161553404438885	0.0231100154408757	3.87819836207363e-05	0.00141953673733135	0.00143075339212151	0.0575260347507623	0.0202007833120282	0.0971048028557086	0.0101672050323019	0.0738396190974466	0.0330304258735897	0.00461031366647161	0.00206131814207563	0.0197087979453102	0.0062720424410032
A[C>A]G	0.0021104081978284	0.015413140138033	0.000869327214610313	0.00116139511307662	0.00693263647997065	0.00788788076357331	0.000901463571793048	0.0032530765482061	0.0143257461556466	0.000480877272167105	0.0022121432502817	1.86920581930832e-06	0.00207702010167244	0.0190002126691134	0.0168258848881249	5.14702735199155e-06	0.000119566100022777	0.00167434271281313	0.000445546019106053	0.0237106320601493	0.000248737654534155	0.00629031670471657	0.00827368209533249	0.0140923465267135	0.0044883413516654	0.00220009705272699	0.00391115404506344	0.00420065256634307
A[C>A]T	0.0302383290624123	0.0207159736079231	0.00104573688033959	0.00619093920937261	0.0370466586168335	0.0407470667865268	0.00435274799152287	0.00976116350202457	0.0254213325559732	0.00234797609612394	0.00470414504059503	4.70710006615229e-05	0.028339552674909	0.0199778052696867	0.0293083161989937	6.16139656270988e-05	0.00226537904176488	0.00573278474098091	0.0344624926500719	0.0290243923838603	0.0215947945930131	0.0141665857094283	0.0658126119463431	0.0198903826621185	0.000456498519105346	0.00234532526424474	0.0162629416076103	0.00599594021070115
C[C>A]A	0.245576470991239	0.0899050766091569	0.00619938203586809	0.0114966647903928	0.105869558283824	0.104675603785996	0.00303995165501495	0.0205555906650003	0.0729790065002364	0.0024825091229439	0.00882538577583865	0.00596754953142529	0.0757950581245857	0.0894548848241456	0.0660872776929271	0.00110207108689019	0.00490529567770863	0.0214976256050838	0.000668108202467074	0.11998145034923	0.0248212965366881	0.0744960411910429	0.0543052308591023	0.0794425994597237	0.0172324610595162	0.011698146314324	0.0605611168604734	0.0389167531643185
C[C>A]C	0.0178596076581021	0.0949463100494202	2.29593118386151e-05	0.00463541058306253	0.0818783834749932	0.081790747197133	0.0136462612714955	0.0158436558749639	0.140069122652976	0.00243845070034945	0.000840811816789175	0.0101303588536517	0.0782702407544368	0.0925871524923647	0.089468345539054	0.00299827644560148	0.000498337791220379	0.00870776176982243	0.0126720596475084	0.0710743576763803	0.0256051005110209	0.0703774226453587	0.122287104491851	0.14727315660975	0.0173140386105144	0.0065626922627612	0.0803003704954481	0.0254065980827448
C[C>A]G	0.0127809128488028	0.053168695259626	0.000262882587887801	0.00235023503207147	0.00558603456176276	0.00981511468278052	0.00114111670211221	0.0111037713722258	0.0294552576844229	0.0004487484064892	0.00272972036568283	0.00346253885034342	0.00252881451651359	0.053031180648332	0.0277444499118121	0.0016456839229125	0.000143410751654559	0.00334530224061666	0	0.0683334903721234	0.00107893976184076	0.0276450551318793	0.013331480049058	0.0352671045277466	0.00534344950698379	0.00305257436366034	0.0251666690922501	0.0171524516040565
C[C>A]T	0.0736626224461696	0.13206895050571	0.000867396057539775	0.00706318839650479	0.0423116839629471	0.063279686121372	0.000459403062345663	0.0326577432891134	0.097214540869678	0	0.00189377820769496	0.00275602303195827	0.0489242487001093	0.104683504560305	0.115338851868775	0.0101609606731081	0.00162805315893379	0.00191056470299041	0.0291782746982357	0.106312717764164	0.0337811453448654	0.0655213848545198	0.10292236221433	0.105261281770069	0.0113026536324219	0.00412769132017869	0.0790584747390417	0.0338771205106664
G[C>A]A	0.103210287234892	0.0272142342450798	0	0.00328652869065115	0.0383392618440125	0.040685488382194	0.160758598181662	0	0.0230500535136547	0.000866282898568432	0.00258940862597154	0.000444508139159866	0.008730216463007	0.023390404304588	0.0229751174640858	0	0.0016130881115761	0.00670304658926207	0	0.000637310458312941	0.00363001467858691	0.0262503157332297	0.00737301994771301	0.0228177703493272	1.22383457440392e-05	3.72552851277212e-05	0.0169892414901624	0.00321360307115158
G[C>A]C	0.000288862833022235	0.0220304214143239	0.000147626229392217	0.0022936581314946	0.0650737766676857	0.0631772475369805	0.00191408243229654	0	0.0785632593328058	0.00223568342320149	0.00110642336066437	0.00479208295896073	0.022182843967301	0.0237353403393331	0.0248839421415821	7.13528353582828e-05	0.00160326569217638	0.0014152619660249	0.0693276633268753	0.00153319450341346	0.0416257642627046	0.0257753072327197	0.0502898040894839	0.0660140865057227	0.00337197260945843	0.00240917069966582	0.0238044931953307	0.00152030388373897
G[C>A]G	0.00123452460760009	0.0181228142063233	0.000198081539520869	0.00112557318220112	0.00186069852125426	0.0149282352268702	0.00965980196434092	0.000370205985733824	0.0172698238937959	0.00321967832143322	0.000403471379645847	1.1721020019898e-05	0.00379398847886842	0.0178258539130568	0.0166069211415651	1.44001102319764e-06	0.000438803301560292	0	0.00016240644324197	0.01161909027111	0	0.014419961626269	0.00555782841104633	0.0196470287645626	0.00226952789779564	0.00114663415249873	0.00965070726529689	0.00891573727428363
G[C>A]T	0.0164012533552923	0.019931212674862	0	9.71311490914827e-05	0.0329562195286954	0.0178330125941832	0.077185068550805	0.00220696915504735	0.0284164337375492	2.94192023074789e-05	0.000338287615831374	1.99235349681569e-05	0.000138156338445629	0.0129212323421705	0.0144641468270452	0	0.00014097657442112	0.000786635030325579	0	0	0.00106156476006326	0.0113527347355127	0.0352352838657723	0.00833797088644447	0.00105162748207836	0.00187358798058599	0.00491961200879391	0
T[C>A]A	0.0604231300998485	0.056867862988849	0	0.00109449675090803	0.0515366260654129	0.0611986708394725	0.0760132241039603	0.0140851591987905	0.0221688093339598	0.00111331974091114	0.00149193232425488	0	0.0469634684197387	0.0630206543838722	0.0559895666915893	0.000465973687482435	0.00436684538841609	0.01160895420454	0.00188464560573914	0.0020294243644602	0.000853214265426718	0.0279490576577452	0.0230243174123703	0.0211287301368275	0.00241929345467231	0.00460495940796158	0.0318571362119217	0.028810069371644
T[C>A]C	0.0120226804124381	0.0575500356749976	1.36407126410998e-05	0.0058425009025347	0.0218384932804901	0.043808891037974	0.00223358114173126	0.000280226884529447	0.0796808314092234	0.00585234502361876	6.15707911554347e-05	0.00315340519381487	0.00783590288290091	0.0503493357066521	0.0647639262107734	0.00404885990944135	3.11128991457118e-05	0.0110718068108767	0.0063890877487424	0.046855415848253	0.0413887644536053	0.0287012435031816	0.080709167082667	0.0666641427666367	0.0106372878027767	0.00583899612455828	0.0508895181380116	0.0129015477926729
T[C>A]G	0.000637428751582481	0.020611910491812	0	4.80415923001844e-05	0.00451363279559254	0.00273477816283794	0.00025932354266687	0.000236222506568182	0.00993479053615501	2.63224441698496e-05	0.00148914575933071	2.48494420684517e-06	9.36501005597875e-05	0.0240244051535951	0.017565319177999	0.000351166061649023	3.8741130616699e-06	0.000472243660189515	0.000453627689799617	0.0124037755939849	0.000135785190311071	0.00748935007529023	0.0025895504444795	0.01132035139286	0.000839580668500929	0.000509996968101725	0.00626460754705741	0.0060728429904722
T[C>A]T	0.188914602779967	0.0727458871190612	3.91135940000973e-05	0.000765376581953479	0.0221390044094597	0.0446153376273385	0.122177703203507	0	0.0455243521450673	0.00121998194449244	6.26772213459151e-05	1.36452024809507e-05	0.0299702761911262	0.0606741334129008	0.0944364885813672	0.00989147620058215	2.1273337652798e-05	0.000176637869975208	0	0.00164598268707739	0.015902208705142	0.042265908097343	0.0801096366375838	0.0524516231526444	0.000620016797095272	0.00181190332527076	0.0558705880537059	0.01912501669316
A[C>G]A	0.00229868254432905	0.00463319064595979	0	0.00105992051367291	0.0157122041095451	0.0143683766684036	0.000135015848067132	0.0001790824933946	0.0066493985296363	0.000165746941229935	0.000756682143416724	0.000391235773309579	0.00734809207555214	0.00532190288467794	0.00479684957141518	9.28489035238475e-05	0.000784336474056222	0.00298559399758877	0.0118704984655016	0.00658386716985201	0.0004997929728166	0.00345729100888911	0.00653622808725333	0.00851360250487828	0.000484175270762778	0.00147248243561653	0.0121964238779342	0.00593415274978807
A[C>G]C	0.00571716357108172	0.00123281836443641	0.000626614489459239	0.00040975411602554	0.0138869948129898	0.00489416595934283	0.00029424143440837	0.000111762362931471	0.00484002872811934	0.00133530099468575	0.000124719269804703	0.000497802495666851	0.00754780914303987	0.00251551406025754	0.0015590318605523	6.31002420646964e-05	0.00241285246950623	0.00240112652938325	0.00494682576922923	0.00128994332489139	0.00145810955106091	0.00170158352358284	0.00452254267876357	0.0056884579949459	7.48964831928043e-05	0.00117575512475092	0.00689493013610238	0.000879740318182894
A[C>G]G	0.00022337469074728	0.00336523384916488	0.000780463336078744	0	0.000864552696947797	0.000882404264584402	0.000759464145377616	0.00111634655366907	0.003532058204872	0.000318966088175824	0.000153930392796582	0.000946499854927638	0.00199126144329241	0.00363204228113258	0.00200334146249244	0.000123106484541398	0.000563854871404902	0.00366666030093698	0.00598268512595214	0.00126953464002322	0.00187608151722822	0.000700259872735221	0.00399087061800991	0.00160948108802963	0.000985077194359375	0.00128048357703706	0.00274615119196914	0.000729417992796224
A[C>G]T	0.00155507525140053	0.00210061834896151	0.000470374686466687	0.000794864589080798	0.00168004001104143	0.00332718217029683	0.00583280102947256	0.00142233387836489	0.00464857139869939	0.000845239019405905	0.000531796792293596	0.000622522505128111	0.00723895829223207	0.00314791582731338	0.00140915631417056	9.22648026670485e-05	0.00208387855903496	0.00549642920402693	0.00573011534792892	0.0032744177198756	0.000747050313085719	0.000366639141205615	0.00730704426915397	0.00671207345224369	0.00016135977916049	0.00166063550208101	0.00559780865010167	5.41658889307836e-06
C[C>G]A	0.000593943325099161	0.00674721333710694	0	0.00246492452961784	0.0130879901021776	0.00918613134690109	0.00272825127473583	0.000605698734790212	0.00517638261590029	0	0.00176796616733176	0.00240803188504481	0.010470185963144	0.00983685805700736	0.00561575650971771	9.70417067038406e-05	0.00456468228595915	0.00552471886289015	0.00308298168110135	0.00083192411682211	0.001574889898636	0.00545149851848254	0.00184899926394302	0.00593152082253423	0.00251636423060179	0.00172812849291013	0.0225494190724847	0.010012940055106
C[C>G]C	9.5745939028297e-05	0.00462468078120318	0.00082806789053184	0.00143982411913081	0.0126042582021602	0.00104836958963125	0.00870386648143113	0.00263431515395475	0.0113628957987046	0.00142683131191273	0.00149803134993451	0.00281665127247396	0.00967535691478271	0.00811639524227432	0.00537682267036886	0.000340137543491441	0.00178711464167377	0.000848289125566422	0.000699732131267977	0.00444063736640736	0.00259829544653388	0.00347922232476806	0.00512543365242632	0.00774812729948913	0.00189757400903182	0.00152344248508531	0.00709154783739525	0.00404064748912983
C[C>G]G	9.36009179910032e-05	0.0049180361803896	0.00114704599332574	1.96740503520442e-05	0.00391911179648826	0.00284553147829579	0.000362564109249237	6.84147667308221e-05	0.00509082022615394	0.000105571300146456	0	0	0.000299014598233028	0.00480686670391122	0.00307809857291054	0.000233813838023616	0.000166278303974327	0.000863936356235849	0	0.0120544755482974	0.000193487541308805	0.00225275659396707	0.00104601513075969	0.00355997975006831	0.00222962650514864	0.000756008721437138	0.00321318544661603	0.00242180642632415
C[C>G]T	0.000206702027230132	0.00713304172985252	0.00065141299850789	0.000451916561620859	0.00101905320102481	0.00523828057179116	0.0034756105509764	0.000533197325993335	0.0102172483021887	0.00050712933547019	6.67136425963712e-05	0.00420902268727672	0.00396318698323442	0.00623214953384345	0.00752106977923196	0.0010930955964966	0.000561472120451043	0.000689791359425614	0.000958556419654033	0.00272497268987357	0.00347042483868051	0.00600444455238743	0.000517784575177869	0.00631674222228544	0.00112095983495529	0.00161459833083503	0.00781926692864084	0.00619676943134157
G[C>G]A	3.21103149219136e-05	0.00398705436562862	0.000429943001132731	0.000591691297237543	0.0124813844101802	0.00790835201563762	0.00162438032381456	0.00141456196086427	0.00666235898531523	8.15362341464458e-05	0.00140784362977838	0.000278060858614635	0.00495504028469032	0.00497491967358871	0.0115611027591745	0.000246450079331595	0.00127768591615737	0.000901329453710439	0.00893846833787652	0.000418028358280884	0.000214675473768973	0.00397097683003837	0.00116924126005975	0.00769955742423337	0.00112211788670822	0.00110875111779897	0.00533516689219891	0.00101966087551826
G[C>G]C	0.00192873141603336	0.00248486745698999	0.00214015118017147	0.000396499672053024	0.00792859109078197	0.00941521179225345	0.00289923255129671	0.000258699037931482	0.013985116653621	0	0.000179057285826071	0.000536594014081673	0.00293842150586295	0.00349283428972931	0.00649664562351423	0	0.00104986749761935	0.0013131654552416	0.00672739351151473	0.00453015583461412	0.00583533902209632	0.00253332199931996	0.00575796205886306	0.0175458916919725	0.00059573197216981	0.000761830272731484	0.00473107762658132	0.00335488177024479
G[C>G]G	0.000450811921337919	0.00387779657747283	0	0.000245559830474409	0.000523274850813319	0.000917611525172217	0	0.000525461896368303	0.0065627672363288	0.00040915916893428	0.000318679214122306	0	0	0.00492842329069891	0.0103944749010548	0	0.000196036977757774	0.000973199877368447	0	0.000772414680571021	0.000531462726486774	0.00217313110215184	0.00286059934298427	0.00614021798928439	0.000325714047173245	0.000553562788400956	0.0019229660749445	0.00181334294066835
G[C>G]T	0.00021368959576071	0.00230608198546234	0.000848636245997409	0.000774999400551129	0.00746344514249268	0.0114357737654429	0.000569743600248802	4.08664206605444e-05	0.0071054863178841	3.00878205417398e-05	0.000184541628066539	0.000159322307775162	0.0043812464177621	0.00279373674744359	0.00621594100674829	5.40727030799112e-06	0.000418438494846735	0.00257678505632936	0.0167374913833578	0	0.00359850940427952	0.00144362947491135	0.00162540264851355	0.00460909293652554	0.000933225255812262	0.000187598003684996	0.00362149443221951	0.00094374874032352
T[C>G]A	0.00176850484461126	0.00745303613819267	0.00121310382645286	0.00188607244513936	0.0119263681191728	0.00836343947439704	0.0017051570467099	0.00250799412866296	0.00380284153982372	0.000347153625314928	0.000338861320374586	0.00188663341474128	0.0111983678552762	0.0112297287258511	0.0152845265596909	0.000514876230503154	0.00231761099972465	0.00291766320384326	0.00581177535963259	0.00177447474975201	0.00193816500034369	0.00662402244134648	0.000277749711515829	0.00819167912074205	0.0027008302258031	0.00181303988239066	0.0185887249475618	0.00279913016293195
T[C>G]C	7.75132602112995e-05	0.0048585454387322	5.6402047774435e-05	0.00195501400851704	0.00124537349387822	0.00386785922046186	0.000229876120631539	0.000218744814160682	0.00788463350587107	5.98237367496582e-06	0.000388240889986765	0.00157645520201959	0.00761692471246259	0.00632502807948369	0.0101389409220751	0.00101795478033433	0.00122600250517978	0.00240050331109201	0.00122419742158162	0.00415834901495988	0.00363088193340886	0.00465985816291835	0.00288904237102215	0.00864157626728808	0.00196889355130727	0.0011626582863112	0.0103979074199748	0.00812224694679347
T[C>G]G	0	0.00482085143655875	0.00321038003669137	0	0.00284089714006564	0.00495272581444369	0.0206463674218863	0	0.00202415261083536	0.000461628105107068	0	0.000784142836528187	0.000201250475683793	0.00339207455447227	0.00561666348476521	0.000209645942176456	0	0.000351673178630076	0.00265774525182521	0.0131981884208624	0.000217666007637734	0.000858223636275319	0.00222865801684155	0.00351664913422888	0.000143180422352575	0.000152675303809152	0.00437041350425907	0.000196355341908672
T[C>G]T	0.0029718616465331	0.00485686173849661	7.09010524468848e-05	0.00140398241534039	0.0092553068054948	0.0122608255946192	0.000370129652459896	0.00053078912620441	0.00678164194209222	2.55834450688244e-05	1.36732916132202e-05	0.00194723966460026	0.00245307911170785	0.00580974588610908	0.0127502801804018	0.00098051449373119	0.000665747473345459	0.00180401663298394	0.0239624347080068	0.00211029616244245	0.00511891177582671	0.00733880604264827	0.00957274907696301	0.00628617987569023	0.00187589308745615	0.00161348820527607	0.00994706624837092	0.003517762912357
A[C>T]A	0.00103627266324414	0.00773018102813414	0.00662494161698356	0.0227401374051495	0.0193010901999183	0.00731764937229131	0.0617825537176847	0.00018389889297245	0.00686807281598201	0.00621744576995859	0.051391257763136	0.000767363965467808	0.0252913241821278	0.0122083756661725	0.00551124635745508	0.00071876212858682	0.0616826510685961	0.0837472949543936	0.000339430169129691	0.011564603533004	0.000568350961757935	0.0130852601156069	0.0127481449224306	0.00492800859766351	0.00504321259837513	0.00506887955747594	0.0240790351503527	0.0103659770214558
A[C>T]C	0.00188443348158137	0.00411061707981699	4.3313094296346e-05	0.0475840800036393	0.002939066148473	0.00130703181745724	0.00532474570463374	1.19315353178554e-05	0.0083849805821977	0.0111147224315858	0.027861687948453	0.00158549336192236	0.00912119815280413	0.0014618947776839	0.00391011920547788	0.0187958740017651	0.0247830098131798	0.0233440655974645	0.000185456773567961	0.000209363860656875	0.000950481379508153	0.00517520765531646	0.0109824300836462	0.0121935224862514	0.00227302261018616	0.0012122769340629	0.0141133693346324	0.00196051757280447
A[C>T]G	0.000210667066117251	0.000966151571775022	0.000648225056677161	0.00127134570201223	0	0.000327320502175729	0	1.32815867146769e-05	0.00193429790522627	2.43869703338312e-05	0.00837938513201922	0.00208750706834683	0	0.000505125387134885	0.000367824146558115	1.90266516719687e-06	0.000145673507956065	0.000496237564402377	0.000659183227005486	0.00026880971845043	4.91942821411104e-06	0.00296302278136688	0.000863999995465311	0.00288508551858801	0.000128646530234374	0.000938796181033276	0.00891275400452872	4.65283388101598e-05
A[C>T]T	0.00197198934028545	0.00365070326631763	0.00943290530411908	0.0588214559696269	0.00453240996081577	0.00914233494168039	0.0036542737637204	0	0.00669997102937317	0.00905214075019107	0.0250216797141536	0.00258113133924111	0.0307288270455806	0.00377094275677599	0.000745358750734899	0.0011552473975661	0.0533365087346764	0.0525202747377709	2.22773009553027e-05	0	0.00027003025567973	0.00365421139554088	0.0243556333218758	0.00342395305188898	0.00245827662876964	0.000492512490547991	0.0111300339916349	0.000460202340113401
C[C>T]A	0.00407388245460217	0.00942031587004757	0.00493646661831009	0.0109254252781611	0.0108723228485365	0.0157328981280522	0.0201846365000913	0.00557290270245261	0.00700976934430683	0.0142520903293381	0.0121340901324943	0.0111215437229892	0.00933557609865425	0.00676436266633912	0.00256906090771794	0.0806452727563916	0.0420305268795478	0.0319181247860191	0.059206460051845	0.0339501333812461	0.0401231705203459	0.013050833049983	0.00114940199495147	0.00529883173635208	0.0125135372138492	0.00737724689165339	0.0220082245523827	0.00475248952976563
C[C>T]C	0.0015585202851877	0.00636368208576806	5.74749128136226e-05	0.0339639030146959	0.01361799566802	0.00263143401367683	0.0172018337945599	0.00105953493137579	0.0110396192779296	0.00299973811279477	0.00234867127193418	0.00870143896741728	0.0122662183629371	0.00865197347579924	0.00700630735410649	0.131094699907573	0.03730050910474	0.0116522678757814	0.150574877346592	0.0257515005469655	0.152729031868041	0.0128038203720795	0.018999618822936	0.00465508199140214	0.0154126067130986	0.0116451840741149	0.0186281278224678	0.00185900846000881
C[C>T]G	0.000155156521697587	0.00165815758937709	0.000257058463389354	0.000307824739578517	0.000241732100562084	0.00132253618396707	0.0183652979473867	0.00271455199237666	0.0017690320533781	0.00194479930086462	1.91234847737346e-05	0.0042701457175681	0.0105909138084343	0.00070771676972618	0.000703438197621908	0.0170869452573679	0.0039923420784236	0.00583737412492918	0.00743302877615887	0.0150707011521307	0.00488415486712901	0.000696871812308739	0.00417843264987537	0.00213189346583045	0.00542531485782592	0.00380967338698575	0.00706124200206483	0.00166573689879738
C[C>T]T	0.00235000054763037	0.0167821450528427	0.00270509125652084	0.0312545193468679	0.0472684731548873	0.037561454575211	0.000894596386417219	0.0025499551855912	0.0149702950030195	0.00455466260221853	0.00178071743378625	0.00413569484251809	0.0490601610265607	0.0102680390831444	0.0200763503244208	0.126369005901344	0.0446081834330138	0.0423424523078864	0.12177496538761	0.0149045706425964	0.150793707874873	0.0227241098751639	0.0247851129231738	0.0151481543224249	0.0115971002822659	0.00619051606122721	0.0278199723018064	0.0110810466460338
G[C>T]A	0.00149329214546272	0.0030793102245067	0.0028980230438536	0.0165160192445299	0.00772433683526827	0.00241047620989422	0.00231854801163557	0.0015393140075057	0.00219847408004063	0.000291658311871275	0.0124168445145059	0.00294440599255951	0.00335079611000521	0.000417430678589316	0.0012365564663693	8.82050125534551e-05	0.0371880569733924	0.036039044447884	0.0157553927055965	0.000560189789325152	0.0141831900267011	0.0108752732306796	0.00307577439281676	0.000791535669819233	0.00182715898055156	0.00185606385569087	0.0106832917768166	5.56039213802734e-06
G[C>T]C	0.001732201988571	0.00252543549630976	0.008806076241652	0.0635409871237591	0.00197267314401107	0.0202412386128317	0.00490235560753407	6.69187638316414e-05	0.0106657034509451	0.00396817883947159	0.00912118510639238	0.00144706217801006	0.00608400271899453	0.00173617247697926	0.0023754508581282	0.0167746247942844	0.00726315631225098	0.0153662259934645	0.0136509959323897	0.000279045850113278	0.0095180469074508	0.00550093505610337	0.00437980119072435	0.00890654696110244	0.00171840490143417	0.00141360613364988	0.00905856227160271	6.37527719273824e-06
G[C>T]G	0.000225649713059561	0.00189881447638362	0.000261809722848614	0.000516587175374379	0.000809215511452885	0.00040122007564649	0.00663172239251807	6.80863758505141e-05	0.00205130944193581	0.00113288562187161	0.00203382358458262	0.00116560376293562	8.38886483848256e-05	0	2.2965606707395e-06	7.39668312718785e-06	0.000871538302130181	0.00272219523835406	0	0	0.000110096504378418	0.00150522174187594	0.000890114946475181	0.00165805096328539	0.000646823296843694	0.000245080040812709	0.00135136875494293	0.00154733889378938
G[C>T]T	1.40726380173974e-05	0.00476236569426678	0.00127563653159408	0.0448568348026608	0.0269815626594004	0.026594708477708	0.01945042962974	0.00065557766072143	0.00884591183970695	0.00231278566274178	0.00479899752507275	0.000208031612360667	0.00187154340339949	0.00677444039709774	0.00288284099066571	0.0052347928431082	0.0194115691952677	0.00784453766306228	0.0140658316028602	0.00494697620220187	0.00242382770063039	0.00706168941565065	0.00661599003064782	0.00458070391235487	0.00112135042045776	0.00171859330730543	0.00842826612744023	0.000173027259950282
T[C>T]A	0.000229809753859161	0.00696458034271517	0	0.00657372306943817	0.0105290181393535	0.00271971285803458	0.00422867308286807	0.00163089857523603	0.00348263477646337	0.004647987631548	0.0198562215822882	0.00151278125555127	0.000331440571549855	0.00475507226378737	0.00987483644494006	0.0951197546420158	0.0397358005742361	0.0337358077058182	0.00724771255338558	0.00311521726221244	0.000368912258050297	0.0211362146014475	0.00487792869812657	0.00148337017341231	0.00416498452226144	0.0036940220921462	0.027626836510041	0.00433459729994388
T[C>T]C	0.000278917735485691	0.00703255484524956	0.00198185760696104	0.0401137079700494	0.000218021627164126	0.00189696610281722	0.0156037582825239	5.07546349453725e-05	0.00674268040728833	0.0128256109217592	0.00783711140199601	0.00597174974685455	0.00021841716743976	0.00322030503718283	0.0086427649285763	0.224953577427771	0.0194111063587515	0.0198259983433968	0.0198118291905869	0	0.0172736226793476	0.0183616481274591	0.0172810728491539	0.00776918136047694	0.00797274091443987	0.00660613914103625	0.0148999282894122	0.00529565036407626
T[C>T]G	1.02051000865191e-05	0.00193148348172993	0.000390522874264294	0.000121234332387103	0	0.00164768881896709	0.00041028522796262	0.00039483530175692	0.000304453797127916	0	0.00274857748763293	0.000670660052639475	0.00408114721373186	0.000307586049169749	0.000144932948416452	0.0272885558802032	0	0.0017755489117518	0.00134443862642238	0.00806950498703063	0	0.00192177102054695	1.34218701701891e-05	0.000637462633650355	0.0015016505046954	0.000201778536122756	0.00197493908399282	5.01713543488674e-06
T[C>T]T	4.69954609079829e-05	0.0102276566589813	0.00601552362143816	0.0362830352515877	0.0301586896093286	0.0170418508404752	8.00783650605057e-05	0.00435336843661567	0.00662367803769615	0.00764374922537059	0.00879431011308133	5.31514172384494e-05	0.0249584624029815	0.010228395908617	0.0133830824956545	0.128488713693845	0.0543819192880656	0.0263076021191024	0.0294812319361483	0.000876746929383026	0.0230856803952756	0.0281131296449216	0.0169439672954978	0.000391489106386287	0.00624494825619197	0.00233130992906278	0.0235433059059647	0.00621418560211873
A[T>A]A	0.00337733562321912	0.00515726518518083	0.00228817590229253	0.00217480313987034	0.00465838141141717	5.1425102370667e-05	0.00482600181759266	0.0360706367324027	0.00558330084033524	0.00276660149163801	0.0234689893468462	0.0461179256002427	0.021247165766101	0.00252904475369108	0.00412687792095891	0.0020693999375174	0.0212670807887824	0.00984945316378769	0.000433669476956381	0.00602768282335145	0.000109932025015636	0.0130363943265167	0.00113298399086697	0.00406684899160071	0.0143492548135689	0.0118665814363364	0.00312889679116826	0.029064952634247
A[T>A]C	0.00161351082450741	0.000821416000825655	0.00102847907985209	0.00439841901572301	0	0.00155982159495915	0.00278307236476999	0.00997636899225304	0.000567794891035136	0.00124908443289948	0.0171220071976835	0.0122570972535473	0.00930531933693186	0.000826690224131104	0.000194508703765241	0.00201750170891429	0.010236658081735	0.010891028990824	0.0221353446526853	0.00356783230139139	0.0221694256758954	0.00161830281245446	0	0	0.00627941571369057	0.0058567052703799	0.000524075866171935	0.0106074865822784
A[T>A]G	7.43282289741057e-05	0.00582448034830636	0.00138280042236551	0.00601105841131299	0.000191098767047735	7.14572927285043e-05	0	0.0433319064141453	0.00378086221034759	4.58179442635617e-05	0.0366894983089683	0.0656194598663698	0.0123912098310165	0.00916474282610761	0.00612649163279739	0.00139202800528811	0.0230261166818057	0.0139938548005548	0.00115905212825176	0.000921315428113809	0.00464489720495883	0.00625008500510031	0	0.00573336038861023	0.017264324613665	0.0207960547829254	0.0061511854460695	0.0262463291425553
A[T>A]T	0.0083891447765374	0.00367930267683095	0.000887259387408163	0.00879390504906524	0.000538074775337528	0.00100558851460677	0.00101436475509056	0.0140810360688488	0.00206886284260405	0.0064465354912764	0.0160959980904927	0.0120230616896416	0.0088488872973026	0.00261265389571288	0.00184086811590961	0.00886965825814543	0.0293254930884537	0.0346369145815675	0.005580920679386	0.0165113254213758	0.00534804648085114	0.00726496089765386	0.00366742986430084	0.00349565328723458	0.00741828081036432	0.00975638473021501	0.00467629264502852	0.0112473311316098
C[T>A]A	0.00082960313633276	0.00479359898623391	0.00508939586632457	0.00653647089771631	0.000990791846442408	0.00108876326662678	0.000112784790325044	0.0815876195762415	0.00188157757739622	0.0025897695638927	0.00458579798910957	0.103619259663431	0.00337450783674439	0.0101561033465578	0.00407979842720875	0.00240788927562085	0.02457987600884	0.00627972556493514	0.0165109235023487	0.00786370151999561	0.016978980329928	0.0112042186816923	0.000842601930955673	0.00294031119376894	0.0327894816228699	0.0378191694406645	0.00748086058241204	0.0648976854292512
C[T>A]C	0.00263447583762178	0.00494359187853905	0.00166444282179568	0.00871085880637319	0.0012070543094512	0.000568008641392976	0.0102683044244228	0.0573853941369238	0.00147457918519419	0.000832112987754363	0.00636812042965362	0.0455773402819704	0.0118535819573956	0.00857230932166812	0.00324984137089628	0.00480402713598411	0.0315987917772739	0.0239192738224858	0.0459829493614461	0.0215261398377656	0.0346489982735798	0.00150663039782387	0.000893617184091233	0.00250040744944294	0.032843478355492	0.0327047615194904	0.00331249479531657	0.0444418336166417
C[T>A]G	0.00186369827822086	0.0217522454211374	0.0094836978004029	0.0142243054496698	0.00486814261559104	0.00086906776525028	0.0148342843415137	0.169085362801136	0.00327543784210551	0.0083438628975085	0.0179847837026985	0.188689345425673	0.00759201617932648	0.0312074461338921	0.0127228213028169	0.001581305598775	0.0380817600020214	0.0196403905815869	0.0270993176188643	0.0415042078130549	0.0299485519020087	0.00558629232039637	0.000988197843872717	0.00477100545715439	0.0680973489276263	0.0784799299177735	0.00438795527630896	0.12818749079859
C[T>A]T	0.00329228228905855	0.00598383148145581	0.00369540699426468	0.00937285599811836	0.000541516618250135	0.00265563729024616	0.00059825987850436	0.0614857191563244	0.00108408533204103	0.000537885774246191	0.00556438768387751	0.068610848896964	0.0116202421101941	0.011401366450672	0.00394292840375587	0.00345617103509432	0.0276723953313646	0.0338475418423196	0.0425707274438287	0.0384881729445943	0.0421279496626162	0.00895419439452081	0.000101726844050076	0.00388917988339388	0.0588363953546474	0.0612037991430531	0.00702327596577394	0.0564965400779484
G[T>A]A	0.000747962335640607	0.0025431574201848	0.00553788410599183	0.00500865730716178	0.000261159391668797	0.000990111589453595	0	0.0360679001417335	0.000927728123310318	0.00237799353579891	0.012732791802232	0.0434555717704884	0.00972412677545761	0.00436432516698875	0.00228898035635166	0.000776692210592324	0.00780890913324383	0.00214095515058534	0.00422460551081394	0.0222525872935401	0.00135495108525801	0.0176511269247583	0.000449460575442743	0.000554992809504544	0.0282837009711381	0.0366243637683749	0.00340992655736051	0.0292796189226791
G[T>A]C	0.00155839028391271	0.00099406183986633	0.00231631561960608	0.00407539549553752	0	0.0011288002059858	0.00586271402339778	0.0108210268242807	0.000153237346461607	0	0.00818710532243531	0.00858894576307996	0.00911050169563156	0.00257702599839275	0.00163638268662185	0.000430094858615294	0.00767914348777108	0.00605901725865059	0.0106572640059043	0.0025269257946576	0.00287637023832058	0.00142881430028659	0.00160991587524026	0.00028030037877323	0.0179803637729726	0.0150700205418823	0.00134322373113685	0.00643000231651049
G[T>A]G	0.000232279778083924	0.00911078911743563	0.00172774185910775	0.00813210558646934	0.000845010677743996	0.000859655379917762	0.000836167114236443	0.0550996111706026	0.00138820843712971	0.00194905734330386	0.0113048821730732	0.0581646272458343	0.0109809604932338	0.0107498723480115	0.00791830820829393	5.47088525279101e-05	0.00954026054576002	0.00692902999322606	0.00245507100591009	0.0265485836690594	0.00207469782412195	0.0030587263807257	0.000138895099905984	0.00547591870462377	0.0472321343381696	0.0522171675459577	0.00367745180356258	0.0394479463730217
G[T>A]T	0.00283939034732083	0.00162822949139104	0.0016502810032784	0.00506675013121636	0.000868147510656519	0.00127091899209983	0.00588366475844268	0.0200910270329913	7.37242828066294e-05	0.00138674940829046	0.0134843106047598	0.0120944213706257	0.0111131327996948	0.00100424982387035	0.00015903682644871	0.00026202995763077	0.00630541042345204	0.0114823963758254	7.96923005782752e-05	0.000294050366091116	0.000362841474296713	0.00283564871035119	0.000466485903969333	0.000814937695212138	0.0221134093649357	0.0229544560482888	0.00363446123959911	0.00935850746548155
T[T>A]A	0.000283890284253963	0.00393381550314057	0.000121540282296541	0.00379414555362046	1.97714753979746e-05	0.00160079154044443	0.00330940138628686	0.0386126010732398	0.00383617796963706	0.00117398804806197	0.00695848972388277	0.051322454320898	0.0130390560937548	0.00482457961167876	0.00349710440311257	0.00297212492011192	0.0301616843944195	0.0120962441349038	0.000259245940770068	0.00378177381099066	0.0053308957691138	0.0237898309612862	3.21072188384916e-05	0.0076215894822527	0.0344858903933755	0.035365395481933	0.00346266646800096	0.0272099706650967
T[T>A]C	0.00712257485465289	0.0012908133537915	0.00212540694920435	0.00538740749258229	0.00651548511896271	0.0010924952911318	0.00825365846391073	0.00802310003618138	0.000212220781095265	0.000768242351165757	0.00459523679480861	0.0329040698504182	0.007679532647102	0.00254299718302385	0.000896024779956204	0.00309925649570611	0.0128340623265595	0.0152252005972746	0.000938176554426784	0.00848009466578013	0.00690708654998271	0.00396826881041434	0.000237767519078237	0.00188011794387942	0.0158743884150531	0.0189175307083362	0.00118407842832845	0.00983492761599753
T[T>A]G	0.0043118497884668	0.00601408587793713	0.00402112882016204	0.00756617180640961	5.13217020968701e-05	0.00327413802788355	0.000691839828371578	0.0390566220312917	0.0010990366206026	0.00769505687724176	0.0107574041232651	0.0618574082718031	0.0076979709456547	0.00897910874113108	0.00488942759323637	0.000822865094163449	0.0135743093369227	0.00879249719963538	0.000121576437390138	0.0051482020202945	0.000814053224415299	0.0117289430222956	0.000519444595319581	0.000876023579073552	0.0339804247865395	0.0340756674664615	0.00442335615899859	0.0238856550734728
T[T>A]T	0.0108932618356655	0.00268961584718918	0.000585784311396442	0.0112899982835792	0.00675297227993258	0.005380810978255	0.00235218558067988	0.016374919343551	0.00111811654916911	0.0175204370201389	0.00722054976344284	0.0221407979063487	0.0177658429584306	0.00341723812979282	0.00223385457938192	0.0137846067251534	0.0280595495061337	0.0211792946050352	0.00559125116279429	0.00650661934394916	0.0016907132753731	0.0087075824549473	0.0012318766541873	0.000198723169194645	0.0276525285039021	0.0370166742114456	0.00422165222530733	0.0131162939717967
A[T>C]A	0.00517613076490248	0.000775264341654844	0.112723170871628	0.0411285198738029	0.00624032889944931	0.00052229134120646	0.00144210892892393	0.00886746596520429	0.00136236769353894	0.104464209112253	0.0564629083723702	0.0121513331901595	0.0272166864731892	0.000763623134867494	0.00525887430983359	0.00016442728277733	0.0145719620186755	0.00900296691970665	0.00131604736589891	0.00369320901964689	0.0033699578533595	0.0499071015689513	0.000207968133119687	0.00411444863363122	0.0719344403467533	0.079686497634676	0.0140012430328864	0.0160139293575187
A[T>C]C	0.000947254290196451	0.000421731668776987	0.0897710625554192	0.0257512887096168	0.00456801391361173	3.90490505194553e-05	8.07767228953357e-05	0.0038292201037686	8.27799001637393e-05	0.0720920015875108	0.0387463656927033	0.000969172221983013	0.0065203134510754	0.000234212788868773	1.50191739517565e-05	8.59380072478589e-05	0.00286692937610169	0.0104330748357408	0.00108301414833492	0.00467892942524184	0.00488141852863909	0.00206924272599213	0.00249887690527546	9.66158245698796e-05	0.00407798674086932	0.00346739128086109	0.00072316175649695	0.000834745880652191
A[T>C]G	4.91404819452767e-05	0.000398355644575934	0.0483364016762566	0.012914283926061	0.000518685726929843	9.45080323183443e-05	5.3191588419551e-05	0.0135931931722136	0.000199377236743333	0.0477609840427572	0.0220652914153741	0.00354390428012508	0.00318043819944218	0.000296041028928403	0.00170611159394358	0.000349911112283425	0.00334185106802012	0.0164050418537824	0.00314489430615378	0	0.00136561233850014	0.00719310730072376	3.62977574889126e-05	0.000137074550062589	0.0386634421754883	0.043989353023648	0.00326961882584387	0.0132516288034321
A[T>C]T	4.05278974773545e-05	0.000170056334182222	0.0698372301273132	0.0264140438631008	0.00038957837500806	0.000438183583060198	0	0.00180199022387647	5.70761098417325e-05	0.0664004768444485	0.0355417477317447	4.12654672933183e-05	0.0210185009438875	0.000119096460708865	0.000500750076685156	0.00111286827797577	0.00119247257089383	0.0216181738288471	0.000114689448451274	0.000639535704326603	7.07560313348737e-05	0.00661391897799582	0	0.000118737142105462	0.0165991986172232	0.0231654129439438	0.00233792154101312	0.00239328544940927
C[T>C]A	0	0.000812404941580314	0.0186393134718222	0.0112585329849592	0.00125764940026652	4.59093896830982e-05	0.00149180872816933	0.0135579458843939	0.00376138812359291	0.0185070008200075	0.0175792633782555	0.00294753966113893	0.00300364745449564	0.000717803286649366	0.00135888160557416	0.00126409835129552	0.00240925262993565	0.00580932930182324	0.00304503296654027	0.00543761115898569	0.00521019782217062	0.00790521931315879	0.00132880563514486	0.00490138539796279	0.0388165242829474	0.0345022398203849	0.00364335553507566	0.0136912992357944
C[T>C]C	0.000413794058285227	0.0001881202188803	0.0403857054037055	0.0154733275307298	6.9678197630773e-05	0	0.00134946012283649	0.00691167934571693	3.80997313077076e-05	0.0427804820061813	0.0391211176961086	3.07319427350985e-05	0.00227924298255374	0.00164111496252635	0.00121409011198163	0.0012805861883523	0.00828991626824585	0.0143587045944854	0.00712719024695548	0.00018336027152579	0.0065333894377424	3.76086850925341e-05	0	0.000960259227689307	0.00146058420791823	0.00303216259073385	9.61976675278678e-05	0.00291765599304657
C[T>C]G	0.000155416524247562	0.000531561131896485	0.0161979630952205	0.00629989456159025	0.00595794480981944	0.0033143944980958	0.00168676695705937	0.0121476530049736	0.00136133887386133	0.0134329978019352	0.0140850953683746	0.00104966902082511	2.12433135455109e-05	0.00100100772914504	0.00101849137398499	0.000963928342668817	0.000125840106131499	0.00543851441853355	0	0	0.00604101298892033	0.000854289114489726	5.52867683782601e-05	0.0034244187638371	0.0195337291686704	0.0177969646828025	0.00251964195850482	0.00764210389004714
C[T>C]T	1.99226953918351e-05	0.00118354468126287	0.0183242589897431	0.00695314553396618	0.00823663603146028	0.00216380585492627	0.0210137036430069	0.00328157357904172	0.000721075661703914	0.0159795535136346	0.0142341902514499	0.000428246048531884	0.0052912680818279	0.000790245213506215	0.00222798004375314	0.00683150482487838	0.00380511613656715	0.0118806106061337	0.00703969737727298	1.15077008135118e-05	0.00638538791657744	0.0032752708019624	0.00114859222902869	0.000199596379097365	0.0142128239827941	0.0119267462768982	0.00470120372433153	0.00307160535583362
G[T>C]A	0.000793072778061271	0.000419317059911998	0.100245597199442	0.0454519665870956	0.00761943711183182	0.000129962265116051	0.00264956962534499	0.0216462132663786	0.000204651607752878	0.0869140361759063	0.0559353050870949	0.00302256078646329	0.00170354170543042	0.000643964359626326	0.000613447966991301	0.000424745420075302	0.0059317985023056	0.00696032445456492	0.00415355708410791	0.000380771382166421	0.000603609356070622	0.0116028926021276	7.838534132575e-05	0.00175140680421844	0.0248694697512634	0.0280262430774668	0.00625787291698399	0.0152340843601604
G[T>C]C	0.00125675482562295	0.000106049621350305	0.0888048709544137	0.0331501157460303	0.000374740207784822	0.00178662440770919	0.000336375690443113	0.00360394395987735	7.85209875372859e-05	0.0782410019645411	0.0559157718133617	0.000437306199091355	0.00172385001397832	0.000588673026004719	0.000637162452178285	0	0.002525853147836	0.00980794237403167	0.000749276286389391	0.000214640872632132	0.0010047745218955	0.000326261718560256	0	0.000857317482490832	0.000869326838083725	0.000873748109589983	3.01471660354905e-05	0.00120310588165817
G[T>C]G	0.000561605507946019	0.000745187451554952	0.0605639977943121	0.0319383656096071	0.00357091202182954	0.0020624923661576	0.000116974937334024	0.00132195573261743	0.000197496634540436	0.0694778802437177	0.0320927248055618	0.000832511285934877	0.000571475054534166	9.22547279559634e-06	0.00265290201394392	4.94461616399188e-06	0.00412207343970996	0.00877469096274272	0	9.69571477381519e-05	8.25387347777901e-05	0.00143270024772915	0.000285644929262999	0.000785888912448308	0.0103231748302646	0.00943887560456992	0.000205124138492943	0.0068996796926522
G[T>C]T	9.64609460407283e-05	0.000122427195424834	0.0959694636861086	0.0309563108349154	3.28122357668514e-05	0.000459450634467491	0	0.000655796587974968	5.07395159182956e-06	0.0787804713082895	0.0476405618646474	0.000236267615560571	0.00217822504261285	0	1.87219619897242e-05	0.000447062699346466	0.0079697533936759	0.00307840900739177	0.00103515660274955	0.000637310458312941	2.96511433087605e-05	0.00156428814300287	0.000286839333999109	0.000160709431429553	0.00461000530949598	0.00409072678222118	0.00100801721568902	0.00385673911697841
T[T>C]A	0.00275349200487284	0.000924231351490856	0.0228974228524974	0.0134752415225308	0.00750646817890026	0.00773075155536923	0.0229774858745489	0.00273680959648642	4.97708220660042e-06	0.0311114398679599	0.0149892947073727	0.00639747786519455	0.00767990664910104	0.00181457142341269	0.0022490068872856	0.00512437464846598	0.0176403967002636	0.00790599143813808	0.00290321721471755	0.0186177432979087	0.00283661109053541	0.0304111210958372	0.00552072088763463	0.00395441836545934	0.0458409647116551	0.0513502123475262	0.00682054068166568	0.00390037541275126
T[T>C]C	0.000172771694458393	0.000736314742871604	0.0431746947062908	0.0166111928750437	7.8244562213261e-05	0.00141457449418651	0.00832465817711845	0.000248372969139576	0.000677891957833491	0.0365107784426502	0.0383818925623639	0.00058371999138494	0.00223907516785677	1.06400452909211e-05	0.000316309628034389	0.00166953952721246	0.00334658228574145	0.00895230817574702	0.000471899293106806	0.00249195764301434	0.00294029289976533	0.00428188905620052	0.000919813111693382	2.25676248191946e-05	0.00187473503570322	0.00179463030020445	0.000716612240600936	0.000686804297876342
T[T>C]G	0	7.18953052535345e-05	0.00378853167966616	0.00649540914438524	0.00358257604503338	0.000810507910149424	0.0149723264068651	0.000293617934870894	0.000305171966708063	0.000412994926172934	0.00546351130169606	0.000170713467944594	0.000184869188125811	0.000133646349232206	0.000248036873311862	0.00331432127454416	0.00221220426867948	0.00288020333298032	8.71414926958212e-05	0.0014413872107355	1.23808102166685e-05	0.00893535969301015	1.04662245520178e-05	0.000139927035744809	0.0181659604104179	0.0159553126357075	0.00376494910475214	0.00145509710122378
T[T>C]T	0.00145971931619719	0.000228808336046331	0.0200606757290248	0.0107204131052296	0.00631643187051695	0.00799816757596803	0.0100696216204137	0.00183501175128521	0.000236264430573862	0.0149927081902989	0.0148018845565901	0.000263415081253937	0.00801422703604351	0.000299116186526935	0.00115045208296056	0.00904240753233795	0.0154723333215567	0.0142521787822751	0.00150143386406953	0.000350571614838144	0.000778017291296735	0.0140297882158644	0	0.0029607249008281	0.0150674867335921	0.0125059939346308	0.000214961634778208	8.85188863352628e-06
A[T>G]A	0.000210212061654795	0.000503340227637681	0.000972015725503985	0.00181525245484364	0.0026376371947267	0.000869973330019881	0.000934519175975001	0.000768288708418235	0.000898299872142432	0.00106341970637525	0.00353425902974582	0.00351409594497128	5.52400952583092e-05	0.000187031085142723	0.000974399073281187	0.000254187969889983	0.000853401967531744	0.000136640610355066	0.000454541269964977	0.000456175432800813	0.000450494021990083	0.00105023801428086	0.000422151219696762	0.00181771254283167	0.000513914587968338	0.000728982450388472	0.000465315337285215	0.00430443057478125
A[T>G]C	0.00198684198595278	1.42422767214902e-05	0	0.000671072959696512	0.000811892500384913	0	0	0.00221003413659689	0	0	0.00293088576587053	0.00064544776473551	0.00186997259500352	0.000208223314078893	0	0.00015814096959574	0.000614012636088292	0.00082200266835363	0.000580896434373917	0	0.00248933534502559	0.000283164132705105	0.000150191334528858	0	0.000319540055283335	0.000533012249779599	0.000216468993079982	0.000977031202460045
A[T>G]G	0.000195001912481257	0.00174895993464048	0	0.00138469723231523	0.00138170871591648	0.00269378077599601	0.000682062818683959	0.0048370152275581	0.000565299669284579	0.00746353901602059	0.00890314323089185	0.000601444460683323	0.0108267968692293	0.00186855361851378	0.00206511561618653	0.000143133625799765	0.00250925960162495	0.00219684447663219	0.00374848969386702	0.00379531602244523	0.00428042588970364	0.00298033953465779	0.000131283300231789	0.000169208674482697	0.000505911011356335	0.000734566117634468	0.00746591922380673	0.0050495710556919
A[T>G]T	0.00169037407834377	2.78006317968972e-06	0.000110995551625668	0.00197282940486597	0.000331411229785005	0.00134887988635546	0	0.0023505489454931	3.00395303919178e-05	1.37594594524214e-05	0.0035649249035437	0.000195441961401208	0.000867871638773909	0.000638499365265506	3.19271858464763e-05	0.000758446287788354	0.000459048113621496	0.00145040702609179	0.00350252580319333	0.00919834050053285	0.000206630937662007	3.02253849516685e-05	0	0.000261244998229421	0.000119889192126377	0.000309051026148195	0.00158895839416942	0.000463909268205419
C[T>G]A	0.000784395192955855	6.18400908233328e-05	0.0041317565323457	0.00233323691620617	0	0	0.000875857117849281	0.00381681422606808	7.86145165988865e-05	0.00373880759468672	4.40181640595426e-05	0.00608058150685169	0.00100494337142232	5.55285600649227e-05	0.000178940352261786	0.000406615160807332	0.00851644902979438	0.00296907871287082	0.00246385543057701	0	0.00147620228096691	0.000746891242045951	9.29206396397708e-05	0.000144855820529052	0.00201874459570138	0.00193545104893749	0.000789511966657517	0.00326529234864157
C[T>G]C	0.00150460225638663	0.00029084942674275	0.00359624361135691	0.00361422520973098	0	0.000341096063216324	0	0.00798044570961694	0.000132126501128912	0.00790588276363424	0.00182936621308743	0.0020200067476131	0.000591297160483323	0.000152132439481667	0.000140664341082794	0.00089483094626253	0.00937483934644535	0.00732159074332091	0.00518808120828145	0.000903767773834642	0.000608573642292764	0.000159202409287414	0.000303763441785351	0	0.000417138464260015	0.000882120306513861	0.00133740585698965	0.0035832573013621
C[T>G]G	0.0047686092681354	0.00265677455623737	0.00596338238053364	0.0124763468152933	0.00162504700983778	0.00285129416319325	0.013800132781103	0.0082805949742184	0.0012917031471761	0.00253990471979019	0.00288775547788977	0.00158978153997842	0.00377569978111533	0.00523949744720185	0.00581970108232578	1.72223005103717e-05	0.0181138784563538	0.00854189667316728	0	0.00973894812493777	0.000967019031802399	0.000815393209306844	0.00141601742502899	0.00216288271504477	0.00251442500784392	0.00258498683506725	0.00202297180555053	0.00965087544060116
C[T>G]T	0.00247883181114299	0.000115828134656518	0.00229424525308564	0.00750223938148002	0.000560867423958791	0.00035835667655205	0.00122561800012664	0.000451683411925785	0.000389161064025353	0.00345837503106436	0.00156817356015817	0.00255307126129479	0.000152144013209751	9.77900116333212e-06	0.000418381764802365	0.00178040880964508	0.00892832210294811	0.0171574221358857	0	0.00157916172820998	0.000944081637029006	0.000230035945013844	0.00151148882732553	4.52322729609137e-05	0.000831837482223906	0.00106499366868301	5.31365838777593e-05	0.0009410803912228
G[T>G]A	0	0.00040828294999599	0.00229865932638973	0.00266441346831309	0	0.000432667870372629	0.00145142036672167	0.00272469562179062	5.20288808389316e-05	0.00050206191306316	0.00245876107588698	0.000811730115355508	0.000250880540956491	0.000131335587951023	0.000440099240710445	0	0.00196446673785092	0.00258094726420302	0	0	0	0.000965925098363045	0	0.000325610270392163	0.00110948210308448	0.00151614076637901	0.000354220385956184	0.000219347882962182
G[T>G]C	0.000823558077045841	6.31818302358779e-05	0.000691814030555012	0.00157858384511459	0	0	0.00716200877509898	0	0	0	0.00464434317178116	0	0.000531195039237485	0.000506548745794777	0	0	0.000408753212192561	0.00369969087037287	0.0017069894012754	0.0061784273461627	0.00201052096729835	0.000656470102491864	0.000456728224599753	0	0.000403324071751626	0	0.000831814963676323	0.000967971598028259
G[T>G]G	0.000221164669072492	0.00249089745318255	0.00408856605119669	0.00637125501156063	0.00242963515470816	0.000181716663766573	0	0.00502638730186901	0.000844370347158833	0.00601763448921473	0.00402513839443962	0.00106556826561758	0.000302156215024969	0.00370631173021941	0.00291790514525447	0	0.00429865414169342	0.000530759406178025	0.00420436619638137	0.00163123248492968	0.0014507677904131	0.00300244086073736	0.000492216216165879	0.00246586714662423	0.00206625212708068	0.000979732061020192	0.00212042119751613	0.00277906162119241
G[T>G]T	4.58904500705891e-05	0.000208207154249044	0	0.000112059699861124	5.74022912424755e-05	0	0.000160273123093483	0.00301897033842213	5.04722900280083e-05	0.000191928623666256	0.00200013893211688	7.37786532209341e-06	7.67452102031485e-05	0.000225277259503895	0.000236712166526077	0.00104436076560308	0.00110055666719173	0.000831996418809636	0	0	0	0.000359486569194152	1.50009137196231e-05	0.000127682692442219	0.000573831774522582	0.000341945103722831	7.00789385912718e-06	7.52570315233011e-05
T[T>G]A	0.00135432078250107	0.000572186599751425	0.00571650080837315	0.00521189650872146	0.000458300505163109	0.000371418762319626	0	0.00537973588908036	0.000122646662670972	0.00534078169354242	0.000786883589727244	0.0031146026800717	0.000948207268167848	0.000126283543324863	0.000897356119475474	0.000297023960447512	0.00686902530555224	0.0081854380683723	0	0.00505327938319741	0.00174937259720884	0.00189472725506388	0.00237022534429273	0.000309659636169138	0.00154392281986616	0.0025133903444041	0.00300009258353359	0.000267505991881764
T[T>G]C	0.00328773224443399	1.25168102785091e-05	0.000631304442344831	0.00200200763632611	0.00173258547950723	0.000820496563971689	0.00650520323144137	0.00237116459520132	2.3833209089996e-05	0.000699233911303357	0.00151140412964414	0.00127815194391468	4.61892468815246e-05	0	0.000276918620008009	3.23279583119469e-05	0.00396239484161503	0.00682145806459827	0.000470142408173422	0.00409477055742667	0.000710625610564216	0	0.000107597646990279	0.000120697013220456	7.76031722011445e-05	0.0011758740667751	0.000747288304286172	0.00196051757280447
T[T>G]G	0.00137252096099932	0.00223076185120246	0.00429985915734298	0.00873179832328054	0.00639287902587585	0.000169477818698634	0.00174345033465307	0.00430750317699933	0.00166044481285987	0.00903883876637261	0.00270205278110483	0.00442406931912397	0.00127415001033181	0.00142617901871809	0.00716481164474749	9.74638786102399e-05	0.0105213368233949	0.00558474813901454	0.00197909573975784	0.00520097214004707	0.00253766237234476	0.00579689852819741	1.68026428978235e-05	0.00240588732863959	0.0029231967194984	0.00185175551125964	0.00286274667885552	0.00986432739052043
T[T>G]T	0.00192603388957737	0.000249696660519455	0.00339669071406801	0.00903261686000337	0.000604999498638216	0.000160394729645971	0.000391080387504795	0.000530241808070563	1.07558420840627e-05	0.00390561024891812	0.000352780485363469	0.000117375130124213	0.00522398512220048	0	0	0.00343613232748236	0.00809819909797277	0.0147574975274927	0.000133312428745139	0.000246112209111073	0.000949972988750464	0.00165581434886093	7.7656551995242e-05	0.00334433571342539	0.00195329754071744	0.00131596133969239	0.0021911348132871	3.31067026149214e-05
