Type	SBS4	BaP (2 uM) + S9	BPDE (0.125 uM)	DBP (0.0313 uM) + S9	DBPDE (0.000625 uM)	DBADE (0.109 uM)	DBAC (5 uM) + S9	DBA (75 uM) + S9	5-Methylchrysene (1.6 uM) + S9	3-NBA (0.1 uM)	1,8-DNP (8 uM)	6-Nitrochrysene (50 uM) + S9	6-Nitrochrysene (50 uM)	SBS31	SBS35	Cisplatin (12.5 uM)	Carboplatin (5 uM)	SBS22a	SBS22b	AAI (1.25 uM)	SBS18	SBS36	SBS38	SBS3	EXO1_KO	RNF168_KO	SBS6	SBS14	SBS15	SBS20	SBS21	SBS26	SBS44	MSH6_KO	PMS1_KO	PMS2_KO	SBS11	Temozolomide (200 uM)	MNU (350 uM)
A[C>A]A	0.042196498	0.0283815533748292	0.0237017339519746	0.00869925685873544	0.0186419336589614	0.0240330588511261	0.00673772703708239	0.0323606741641645	0.0286278352872072	0.0258298926507019	0.0180349250334742	0.00855231498108648	0.00555769823738427	0.009534985	0.008826949	1.12145020078519e-05	0.00194170922837543	0.006046172	0.006086541	0.00428520931740606	0.051533859	0.025193777	0.012794869	0.020808323	0.00512695571115325	0.00819723226530358	0.000425233	0.001120492	0.000944202	0.000619283	0.000156993	0.000873118	7.68e-18	0	0.0316718129686811	0.00120139546704249	0.000146208	0	0.00262256704780487
A[C>A]C	0.033297236	0.0330304258735897	0.0423393201619696	0.000375460239818752	0.0062720424410032	0.0155444165486495	0.0202007833120282	0.0161553404438885	0.0231100154408757	0.0101672050323019	0.0197087979453102	0.00461031366647161	0.00206131814207563	0.018490274	0.046184032	0.0971048028557086	0.0575260347507623	9.45e-05	0.003802506	0.00246041362929884	0.015810387	0.008317945	0.010095952	0.016506603	0.0186116966621823	0.0163321281635706	0.000524287	0.013105754	0.000497106	0.001390636	0.002359889	0.000528071	0.000150038	0.00275876112716483	0.00229378032642258	0.00297268365563077	0.000552786	7.29548226647583e-06	0.000145090156834612
A[C>A]G	0.015598705	0.0140923465267135	0.0143257461556466	0.0032530765482061	0.00420065256634307	0.015413140138033	0.0237106320601493	0.0190002126691134	0.0168258848881249	0.00629031670471657	0.00391115404506344	0.0044883413516654	0.00220009705272699	0.001659127	0.00138952	0.000248737654534155	0.000445546019106053	0.000790362	0.000980017	1.86920581930832e-06	0.002431598	0.002239447	0.001899238	0.0017507	0.00842134254208023	0.00766737314549308	5.2e-05	0.000413181	4.61e-05	2.18e-05	0.000293986	0.000114015	9.16e-07	0.000576964102166282	0	0.000354257637717657	9.42e-05	0.000869327214610313	0.000480877272167105
A[C>A]T	0.029497552	0.0198903826621185	0.0254213325559732	0.00976116350202457	0.00599594021070115	0.0207159736079231	0.0290243923838603	0.0199778052696867	0.0293083161989937	0.0141665857094283	0.0162629416076103	0.000456498519105346	0.00234532526424474	0.006276698	0.021592534	0.0215947945930131	0.0344624926500719	0.001729623	0.003566008	4.70710006615229e-05	0.02141407	0.01789558	0.008846453	0.012204882	0.0124784169994598	0.00598429123550679	0.000180099	0.082636281	0.001110238	0.001240568	0.000620971	0.000619084	0.005781465	0.00707387079882862	0.0188795765328628	0.00650755877981348	0.000266379	0.00104573688033959	0.00234797609612394
C[C>A]A	0.080693302	0.0794425994597237	0.0729790065002364	0.0205555906650003	0.0389167531643185	0.0899050766091569	0.11998145034923	0.0894548848241456	0.0660872776929271	0.0744960411910429	0.0605611168604734	0.0172324610595162	0.011698146314324	0.010694375	0.029889666	0.0248212965366881	0.000668108202467074	0.001820363	0.006016474	0.00596754953142529	0.074048652	0.055786221	0.380847281	0.022509004	0.00213976250754743	0.00713751402568258	0.001820998	0.01630716	0.041808957	0.037617223	2.22e-16	0.001410191	2.84e-05	0.0161549948606559	0.00696956329951479	0.00569892721545796	0.00061888	0.00619938203586809	0.0024825091229439
C[C>A]C	0.079693385	0.14727315660975	0.140069122652976	0.0158436558749639	0.0254065980827448	0.0949463100494202	0.0710743576763803	0.0925871524923647	0.089468345539054	0.0703774226453587	0.0803003704954481	0.0173140386105144	0.0065626922627612	0.011593902	0.032988595	0.0256051005110209	0.0126720596475084	0.004377129	0.005001894	0.0101303588536517	0.019612886	0.020195012	0.069472142	0.025310124	0.0156880607607809	0.0127166188754519	0.004092243	0.019708653	0.005051082	0.098945302	0.002599878	0.001510204	0.030307679	0.0323390803483118	0.00820467578297309	0.0171352879113432	0.000987404	2.29593118386151e-05	0.00243845070034945
C[C>A]G	0.024497967	0.0352671045277466	0.0294552576844229	0.0111037713722258	0.0171524516040565	0.053168695259626	0.0683334903721234	0.053031180648332	0.0277444499118121	0.0276450551318793	0.0251666690922501	0.00534344950698379	0.00305257436366034	0.000328827	0.00219924	0.00107893976184076	0	0.000136528	0.001047049	0.00346253885034342	0.012007889	0.007098247	0.050979557	0.002511004	0.0116098005359999	0.00766737314549308	0.001650905	0.001380606	6.62e-05	0.007433404	0.001979907	0.000362049	0.003740947	0.0061041832321626	0.0027348919276577	0.00758573419895417	9.21e-06	0.000262882587887801	0.0004487484064892
C[C>A]T	0.068994273	0.105261281770069	0.097214540869678	0.0326577432891134	0.0338771205106664	0.13206895050571	0.106312717764164	0.104683504560305	0.115338851868775	0.0655213848545198	0.0790584747390417	0.0113026536324219	0.00412769132017869	0.027885332	0.082471487	0.0337811453448654	0.0291782746982357	0.000109424	0.004511263	0.00275602303195827	0.036323866	0.06048506	0.183926246	0.015406162	0.00682181710327002	0.0114387233512031	0.009605265	0.260114201	0.02870615	0.252115431	0.019099102	0.007140965	0.086721973	0.100207513139267	0.0172915747684164	0.0308204144814361	0.000150214	0.000867396057539775	0
G[C>A]A	0.031597377	0.0228177703493272	0.0230500535136547	0	0.00321360307115158	0.0272142342450798	0.000637310458312941	0.023390404304588	0.0229751174640858	0.0262503157332297	0.0169892414901624	1.22383457440392e-05	3.72552851277212e-05	0.013093113	0.009866589	0.00363001467858691	0	0.002234894	0.002739798	0.000444508139159866	0.109071663	0.067683282	0.01199519	0.007132853	0	0	0.000427234	0.002080914	0.00229049	0.010804948	0.0021399	0.000496067	7.68e-18	0	0.00688134097926776	0	0.000165235	0	0.000866282898568432
G[C>A]C	0.034797112	0.0660140865057227	0.0785632593328058	0	0.00152030388373897	0.0220304214143239	0.00153319450341346	0.0237353403393331	0.0248839421415821	0.0257753072327197	0.0238044931953307	0.00337197260945843	0.00240917069966582	0.021488697	0.05018265	0.0416257642627046	0.0693276633268753	0.001709967	0.002447902	0.00479208295896073	0.017311374	0.019195259	0.006277483	0.010904362	0.0130504327192992	0.00302331380127166	0.000913501	0.022409839	0.002490533	0.005652588	0.007069668	0.00066609	0.004671183	0.00388359870449741	0.00917512130569034	0.00525225454181395	0.000405577	0.000147626229392217	0.00223568342320149
G[C>A]G	0.01529873	0.0196470287645626	0.0172698238937959	0.000370205985733824	0.00891573727428363	0.0181228142063233	0.01161909027111	0.0178258539130568	0.0166069211415651	0.014419961626269	0.00965070726529689	0.00226952789779564	0.00114663415249873	0.000971489	0.000506825	0	0.00016240644324197	0.000520223	0.000521184	1.1721020019898e-05	0.00756497	0.004828807	0.001369451	0.001430572	0.00390877408556931	0.00130906370776711	0.000357196	0.001110487	0.000404087	0.001570719	0.001689921	0.000129017	0.000605153	0.00145937978783236	0	0	1.39e-05	0.000198081539520869	0.00321967832143322
G[C>A]T	0.021198241	0.00833797088644447	0.0284164337375492	0.00220696915504735	0	0.019931212674862	0	0.0129212323421705	0.0144641468270452	0.0113527347355127	0.00491961200879391	0.00105162748207836	0.00187358798058599	0.003508155	0.022892085	0.00106156476006326	0	0.000549424	0.002157018	1.99235349681569e-05	0.062340959	0.068982961	0.009086356	0.010004002	0.00941707360994884	0	0.001230674	0.126055344	0.0182039	0.002491141	0.008899582	0.00081711	0.011302864	0.012940480577158	0.0485222761358624	0.00650755877981348	2.22e-16	0	2.94192023074789e-05
T[C>A]A	0.039796697	0.0211287301368275	0.0221688093339598	0.0140851591987905	0.028810069371644	0.056867862988849	0.0020294243644602	0.0630206543838722	0.0559895666915893	0.0279490576577452	0.0318571362119217	0.00241929345467231	0.00460495940796158	0.001859022	0.005268179	0.000853214265426718	0.00188464560573914	0.000788791	0.005333445	0	0.07384852	0.140965182	0.017692905	0.008413365	0.0089086151923138	0.0108153596808378	0.000356195	0.000347152	0.017203685	0.001710783	0.001459931	0.000938127	0.000853216	0	0.0186149095721217	0	0.000180256	0	0.00111331974091114
T[C>A]C	0.046896108	0.0666641427666367	0.0796808314092234	0.000280226884529447	0.0129015477926729	0.0575500356749976	0.046855415848253	0.0503493357066521	0.0647639262107734	0.0287012435031816	0.0508895181380116	0.0106372878027767	0.00583899612455828	0.009375069	0.023092016	0.0413887644536053	0.0063890877487424	0.001747443	0.004905652	0.00315340519381487	0.043628665	0.077180936	0.01149539	0.016806723	0.0148406300647225	0.0190437601296596	0.000498273	0.024310673	0.005811245	0.003371544	0.000235989	0.000630085	0.002220562	0.00442662374183038	0.0231142479047199	0.00261842601791311	0.000939336	1.36407126410998e-05	0.00585234502361876
T[C>A]G	0.010899095	0.01132035139286	0.00993479053615501	0.000236222506568182	0.0060728429904722	0.020611910491812	0.0124037755939849	0.0240244051535951	0.017565319177999	0.00748935007529023	0.00626460754705741	0.000839580668500929	0.000509996968101725	0.000954498	9.47e-05	0.000135785190311071	0.000453627689799617	2.27e-16	0.000874988	2.48494420684517e-06	0.012708349	0.01469637	0.002379046	0.001410564	0.00197027636833575	0.00451938661014836	0.00020011	7.08e-06	7.69e-05	2.22e-16	6.83e-05	0.000123017	3.15e-07	0.00106180788549929	0.00794000882223202	0.00110898043111614	2.22e-16	0	2.63224441698496e-05
T[C>A]T	0.041296572	0.0524516231526444	0.0455243521450673	0	0.01912501669316	0.0727458871190612	0.00164598268707739	0.0606741334129008	0.0944364885813672	0.042265908097343	0.0558705880537059	0.000620016797095272	0.00181190332527076	0.00448764	0.015294712	0.015902208705142	0	0.000400125	0.00605788	1.36452024809507e-05	0.12208021	0.207948637	0.027788857	0.00997399	0	0	0.00074741	0.151066325	0.008051725	0.000904414	2.22e-16	0.001400189	0.016604207	0.01493803696449	0.0531098367887075	0.00499041194002264	4.74e-05	3.91135940000973e-05	0.00121998194449244
A[C>G]A	0.006889428	0.00851360250487828	0.0066493985296363	0.0001790824933946	0.00593415274978807	0.00463319064595979	0.00658386716985201	0.00532190288467794	0.00479684957141518	0.00345729100888911	0.0121964238779342	0.000484175270762778	0.00147248243561653	0.008315626	0.003578763	0.0004997929728166	0.0118704984655016	0.001669991	0.004179338	0.000391235773309579	0.001731137	0.001839546	0.002688922	0.019707883	0.0118110653263138	0.013308814362299	0.000471258	2.22e-16	0.000113024	0.008774017	1.69e-05	0.000427058	0.003180806	0.00191028450633206	0	0.00221025960923842	0.000170242	0	0.000165746941229935
A[C>G]C	0.002839764	0.0056884579949459	0.00484002872811934	0.000111762362931471	0.000879740318182894	0.00123281836443641	0.00128994332489139	0.00251551406025754	0.0015590318605523	0.00170158352358284	0.00689493013610238	7.48964831928043e-05	0.00117575512475092	0.003158339	0.004548428	0.00145810955106091	0.00494682576922923	0.000193197	0.002712217	0.000497802495666851	0.002591703	0.001669588	0.001579367	0.011704682	0.011408535745686	0.00442588205959357	0.000289158	5.78e-06	0.000269058	0.001510691	0.000718966	0.000378051	0.000233059	0.000775750053332816	0.00644022937803264	0.00280325608976581	0.000290413	0.000626614489459239	0.00133530099468575
A[C>G]G	0.001279894	0.00160948108802963	0.003532058204872	0.00111634655366907	0.000729417992796224	0.00336523384916488	0.00126953464002322	0.00363204228113258	0.00200334146249244	0.000700259872735221	0.00274615119196914	0.000985077194359375	0.00128048357703706	0.002998423	0.00034588	0.00187608151722822	0.00598268512595214	0.000238658	0.000849283	0.000946499854927638	0.001921262	0.000499877	0.000635745	0.000253101	0.0104551762126204	0.0161139508789428	2.22e-16	3.91e-05	3.07e-05	0.000469215	2.22e-16	6.83e-05	3.14e-05	4.36359404999709e-05	0.00185266872518747	0.000554490215558071	5.97e-05	0.000780463336078744	0.000318966088175824
A[C>G]T	0.003549705	0.00671207345224369	0.00464857139869939	0.00142233387836489	5.41658889307836e-06	0.00210061834896151	0.0032744177198756	0.00314791582731338	0.00140915631417056	0.000366639141205615	0.00559780865010167	0.00016135977916049	0.00166063550208101	0.003778013	0.009476724	0.000747050313085719	0.00573011534792892	6.23e-05	0.003806764	0.000622522505128111	0.004082682	0.001909528	0.002439022	0.017406963	0.00937470207514592	0.0200411420022441	0.000254139	0.00020409	0.00032507	0.004422025	6.19e-05	0.000728098	0.003290833	0.00452359249849698	0	0.00606088610616947	0.000535762	0.000470374686466687	0.000845239019405905
C[C>G]A	0.00782935	0.00593152082253423	0.00517638261590029	0.000605698734790212	0.010012940055106	0.00674721333710694	0.00083192411682211	0.00983685805700736	0.00561575650971771	0.00545149851848254	0.0225494190724847	0.00251636423060179	0.00172812849291013	0.002048922	0.003858666	0.001574889898636	0.00308298168110135	0.001044471	0.003388554	0.00240803188504481	0.000613403	0.001239694	0.001689323	0.019307723	0.0126161244875693	0.0112205460665752	4.11e-05	8.55e-05	8.36e-05	7.69e-05	1.97e-05	0.000364049	5.36e-05	0	0	0.00029264761376676	0.000261372	0	0
C[C>G]C	0.00686943	0.00774812729948913	0.0113628957987046	0.00263431515395475	0.00404064748912983	0.00462468078120318	0.00444063736640736	0.00811639524227432	0.00537682267036886	0.00347922232476806	0.00709154783739525	0.00189757400903182	0.00152344248508531	0.001859022	0.006297823	0.00259829544653388	0.000699732131267977	0.000775631	0.002768344	0.00281665127247396	0.002261486	0.001369662	0.001259495	0.014105642	0.00618624408122623	0.00451938661014836	3.72e-05	7.86e-05	1.7e-05	4.38e-06	0.000272987	0.000322044	2.49e-05	0	0	0	0.000177252	0.00082806789053184	0.00142683131191273
C[C>G]G	0.003399718	0.00355997975006831	0.00509082022615394	6.84147667308221e-05	0.00242180642632415	0.0049180361803896	0.0120544755482974	0.00480686670391122	0.00307809857291054	0.00225275659396707	0.00321318544661603	0.00222962650514864	0.000756008721437138	0.000853551	0.000869699	0.000193487541308805	0	0.000239927	0.000561501	0	0.003582354	0.000418897	0.000956616	0.0015006	0.00328379394722625	0.00461289116070315	8.43e-05	1.91e-05	5.02e-05	0.000188086	1.01e-05	4.17e-05	7.68e-18	0.000344239086166437	0.00326422584913983	0.000600697733521244	1.12e-05	0.00114704599332574	0.000105571300146456
C[C>G]T	0.006819434	0.00631674222228544	0.0102172483021887	0.000533197325993335	0.00619676943134157	0.00713304172985252	0.00272497268987357	0.00623214953384345	0.00752106977923196	0.00600444455238743	0.00781926692864084	0.00112095983495529	0.00161459833083503	0.003418202	0.016194401	0.00347042483868051	0.000958556419654033	0.000318324	0.003154278	0.00420902268727672	0.003792492	0.002089484	0.001269491	0.022308924	0.0120335158840291	0.0146802144371026	1.44e-05	0.000178078	8.45e-05	1.01e-05	0.000172992	0.000625084	8.64e-05	0.000213331264666524	0	0	9.65e-06	0.00065141299850789	0.00050712933547019
G[C>G]A	0.005289561	0.00769955742423337	0.00666235898531523	0.00141456196086427	0.00101966087551826	0.00398705436562862	0.000418028358280884	0.00497491967358871	0.0115611027591745	0.00397097683003837	0.00533516689219891	0.00112211788670822	0.00110875111779897	0.001829038	0.003378832	0.000214675473768973	0.00893846833787652	0.001403072	0.001851178	0.000278060858614635	0.000635417	0.000885781	0.001199519	0.012705082	0.00886624365751088	0.0147737189876574	1.94e-05	2.22e-16	0.000994213	0.000669306	0.000387982	0.000395053	0.000219055	0.00097938444233268	0	0.00160186062272332	4.68e-05	0.000429943001132731	8.15362341464458e-05
G[C>G]C	0.005749523	0.0175458916919725	0.013985116653621	0.000258699037931482	0.00335488177024479	0.00248486745698999	0.00453015583461412	0.00349283428972931	0.00649664562351423	0.00253332199931996	0.00473107762658132	0.00059573197216981	0.000761830272731484	0.007506052	0.021392604	0.00583533902209632	0.00672739351151473	0.000919231	0.002289102	0.000536594014081673	0.001340881	0.001079733	0.001079567	0.008633453	0.00666292384775908	0.00614013215309812	0.000685376	4.33e-05	0.00060813	0.00286131	0.001419933	0.000579078	0.001190301	0.00158543917149894	0.00388178209086899	0.00330383753436684	0.000114162	0.00214015118017147	0
G[C>G]G	0.003299726	0.00614021798928439	0.0065627672363288	0.000525461896368303	0.00181334294066835	0.00387779657747283	0.000772414680571021	0.00492842329069891	0.0103944749010548	0.00217313110215184	0.0019229660749445	0.000325714047173245	0.000553562788400956	0.00045676	0.000590796	0.000531462726486774	0	0.00021314	0.00043815	0	0.00063942	0.000171958	0.001019591	0.002420968	0.002235098460854	0.00420770477496572	2.22e-16	2.22e-16	1.01e-05	0.000692317	0.000116995	7.38e-05	7.68e-18	0.000334542210499777	0.00105866784296427	0.000423568914662416	3.24e-06	0	0.00040915916893428
G[C>G]T	0.003039748	0.00460909293652554	0.0071054863178841	4.08664206605444e-05	0.00094374874032352	0.00230608198546234	0	0.00279373674744359	0.00621594100674829	0.00144362947491135	0.00362149443221951	0.000933225255812262	0.000187598003684996	0.003358234	0.00873698	0.00359850940427952	0.0167374913833578	0.000453698	0.001630085	0.000159322307775162	0.001230809	0.001049741	0.000916632	0.014705882	0.0124784169994598	0.0106906869467647	0.000321176	8.03e-05	0.000451097	0.003021384	0.00020699	0.000305041	0.001850469	0.00172604386866552	0	0.00391223652088195	0.000186265	0.000848636245997409	3.00878205417398e-05
T[C>G]A	0.003579703	0.00819167912074205	0.00380284153982372	0.00250799412866296	0.00279913016293195	0.00745303613819267	0.00177447474975201	0.0112297287258511	0.0152845265596909	0.00662402244134648	0.0185887249475618	0.0027008302258031	0.00181303988239066	0.000395792	0.006627709	0.00193816500034369	0.00581177535963259	0.003581753	0.005167841	0.00188663341474128	0.002141407	0.003979017	0.002658934	0.013305322	0.012234780674343	0.0148672235382122	4.97e-05	1.97e-05	0.000214046	0.000129059	0.000653969	0.001310177	0.00067317	0	0	0.00105507166015911	1.56e-05	0.00121310382645286	0.000347153625314928
T[C>G]C	0.005949506	0.00864157626728808	0.00788463350587107	0.000218744814160682	0.00812224694679347	0.0048585454387322	0.00415834901495988	0.00632502807948369	0.0101389409220751	0.00465985816291835	0.0103979074199748	0.00196889355130727	0.0011626582863112	0.002918465	0.005628054	0.00363088193340886	0.00122419742158162	0.001526502	0.005387434	0.00157645520201959	0.00464305	0.002409405	0.002179126	0.020308123	0.00559304259398536	0.0100361550928812	0.000113062	0.000150066	6.12e-05	2.82e-05	0.00063097	0.000745101	9.4e-06	0.000111514070166592	0	0.00137082303290745	0.000224319	5.6402047774435e-05	5.98237367496582e-06
T[C>G]G	0.001829848	0.00351664913422888	0.00202415261083536	0	0.000196355341908672	0.00482085143655875	0.0131981884208624	0.00339207455447227	0.00561666348476521	0.000858223636275319	0.00437041350425907	0.000143180422352575	0.000152675303809152	0.000415781	0.000154946	0.000217666007637734	0.00265774525182521	0.000389249	0.000542592	0.000784142836528187	0.000899591	0.000301925	0.001099559	0.000520208	0.00326260817982479	0.00617130033661638	1.95e-06	1.83e-05	5.84e-05	0.000124057	6.27e-05	9.41e-05	7.68e-18	0	0.00176444640494045	0.00018483007185269	2.22e-16	0.00321038003669137	0.000461628105107068
T[C>G]T	0.003379719	0.00628617987569023	0.00678164194209222	0.00053078912620441	0.003517762912357	0.00485686173849661	0.00211029616244245	0.00580974588610908	0.0127502801804018	0.00733880604264827	0.00994706624837092	0.00187589308745615	0.00161348820527607	0.004237771	0.021192673	0.00511891177582671	0.0239624347080068	0.000392042	0.006385795	0.00194723966460026	0.003182091	0.007588126	0.003948417	0.023509404	0.0130928042541021	0.0250280513651664	0.00012807	0.000321141	0.000174037	0.001120513	0.000686968	0.002210299	0.002590656	0.00100362663149933	0.00149977944419938	0.0014016280448829	0.000185263	7.09010524468848e-05	2.55834450688244e-05
A[C>T]A	0.008699278	0.00492800859766351	0.00686807281598201	0.00018389889297245	0.0103659770214558	0.00773018102813414	0.011564603533004	0.0122083756661725	0.00551124635745508	0.0130852601156069	0.0240790351503527	0.00504321259837513	0.00506887955747594	0.017690695	0.002209236	0.000568350961757935	0.000339430169129691	0.001770593	0.004091591	0.000767363965467808	0.009206048	0.005958528	0.003448617	0.014205682	0.0100314608645912	0.0252773968333126	0.06413516	0.012405447	0.005051082	0.049322582	0.002169898	0.002660359	0.089922783	0.0655557279444563	0.0987207763564182	0.0104197953006954	0.025836745	0.00662494161698356	0.00621744576995859
A[C>T]C	0.004179653	0.0121935224862514	0.0083849805821977	1.19315353178554e-05	0.00196051757280447	0.00411061707981699	0.000209363860656875	0.0014618947776839	0.00391011920547788	0.00517520765531646	0.0141133693346324	0.00227302261018616	0.0012122769340629	0.009275121	0.003988621	0.000950481379508153	0.000185456773567961	0.000217966	0.002757443	0.00158549336192236	0.004653057	0.00327919	0.002149138	0.012404962	0.0104975477474233	0.00626480488717118	0.022912561	0.010104436	0.006911481	0.013005955	0.003919816	0.002540343	0.016904283	0.0192434497604872	0.00582267313630348	0.0107740529384131	0.14720936	4.3313094296346e-05	0.0111147224315858
A[C>T]G	0.000782935	0.00288508551858801	0.00193429790522627	1.32815867146769e-05	4.65283388101598e-05	0.000966151571775022	0.00026880971845043	0.000505125387134885	0.000367824146558115	0.00296302278136688	0.00891275400452872	0.000128646530234374	0.000938796181033276	0.00758601	0.0005798	4.91942821411104e-06	0.000659183227005486	0.001405089	0.003190075	0.00208750706834683	0.012208021	0.007068254	0.005177924	0.002571028	0.0087285361694014	0.00944395960603416	0.120065821	0.02651164	0.074515965	0.013306092	0.007399653	0.00533072	0.014303624	0.0267294377751488	0.128628142920159	0.0150097420850372	0.007590796	0.000648225056677161	2.43869703338312e-05
A[C>T]T	0.004249647	0.00342395305188898	0.00669997102937317	0	0.000460202340113401	0.00365070326631763	0	0.00377094275677599	0.000745358750734899	0.00365421139554088	0.0111300339916349	0.00245827662876964	0.000492512490547991	0.01009469	0.000899689	0.00027003025567973	2.22773009553027e-05	0.000619446	0.003021539	0.00258113133924111	0.00797524	0.004308936	0.002439022	0.012104842	0.0199146213573721	0.0104413414786186	0.021311683	0.016107072	0.001780381	0.013005955	4.17e-05	0.002790377	0.030307679	0.0272239784341485	0.0113806793118659	0.00778596677679458	0.10915524	0.00943290530411908	0.00905214075019107
C[C>T]A	0.012698946	0.00529883173635208	0.00700976934430683	0.00557290270245261	0.00475248952976563	0.00942031587004757	0.0339501333812461	0.00676436266633912	0.00256906090771794	0.013050833049983	0.0220082245523827	0.0125135372138492	0.00737724689165339	0.04117834	0.005098238	0.0401231705203459	0.059206460051845	0.001203628	0.003972699	0.0111215437229892	0.011707692	0.006748333	0.0042383	0.016106443	0.0183256888022626	0.0166749781822715	0.01360746	0.002731199	0.010802315	0.010604855	0.001349937	0.001690228	0.003570904	0.00974051160716017	0.0214380238200265	0.00503661945798581	0.004075797	0.00493646661831009	0.0142520903293381
C[C>T]C	0.011499046	0.00465508199140214	0.0110396192779296	0.00105953493137579	0.00185900846000881	0.00636368208576806	0.0257515005469655	0.00865197347579924	0.00700630735410649	0.0128038203720795	0.0186281278224678	0.0154126067130986	0.0116451840741149	0.163913781	0.083171245	0.152729031868041	0.150574877346592	0.003151928	0.004296603	0.00870143896741728	0.006764444	0.00667835	0.004728104	0.020208083	0.00849549272798534	0.00776087769604788	0.014808118	0.001380606	0.011102379	0.013005955	0.005159758	0.002830382	0.002860725	0.00947869596416035	0.0120864578738421	0.00899506349683093	0.126179452	5.74749128136226e-05	0.00299973811279477
C[C>T]G	0.003309725	0.00213189346583045	0.0017690320533781	0.00271455199237666	0.00166573689879738	0.00165815758937709	0.0150707011521307	0.00070771676972618	0.000703438197621908	0.000696871812308739	0.00706124200206483	0.00542531485782592	0.00380967338698575	0.008195689	0.002669077	0.00488415486712901	0.00743302877615887	0.000427652	0.001775428	0.0042701457175681	0.016811045	0.005328684	0.003498597	0.002240896	0.00690656017287586	0.00785438224660267	0.122066918	0.011605096	0.024805315	0.016507558	0.006219708	0.003340451	0.015503928	0.0147053119484902	0.0916629907366564	0.00872551964204576	0.00092131	0.000257058463389354	0.00194479930086462
C[C>T]T	0.015998672	0.0151481543224249	0.0149702950030195	0.0025499551855912	0.0110810466460338	0.0167821450528427	0.0149045706425964	0.0102680390831444	0.0200763503244208	0.0227241098751639	0.0278199723018064	0.0115971002822659	0.00619051606122721	0.14492377	0.046983756	0.150793707874873	0.12177496538761	0.001591622	0.004390394	0.00413569484251809	0.006654372	0.00574858	0.004098357	0.023009204	0.0193955700560364	0.0169243236504177	0.01380757	0.001360597	0.015603343	0.01170536	0.000324985	0.001650223	0.005041277	0.00958051315866028	0.0181737979708866	0.00928771111059769	0.065192716	0.00270509125652084	0.00455466260221853
G[C>T]A	0.004089661	0.000791535669819233	0.00219847408004063	0.0015393140075057	5.56039213802734e-06	0.0030793102245067	0.000560189789325152	0.000417430678589316	0.0012365564663693	0.0108752732306796	0.0106832917768166	0.00182715898055156	0.00185606385569087	0.006796425	0.007287481	0.0141831900267011	0.0157553927055965	0.002385223	0.002741739	0.00294440599255951	0.009686364	0.003719081	0.00236905	0.016406563	0.0210798385644524	0.023563146739808	0.09365134	0.017107511	0.073715794	0.04221933	0.009319563	0.002750372	0.095524203	0.0699484126214534	0.0487869430966034	0.0064613512618503	0.019728057	0.0028980230438536	0.000291658311871275
G[C>T]C	0.00445963	0.00890654696110244	0.0106657034509451	6.69187638316414e-05	6.37527719273824e-06	0.00252543549630976	0.000279045850113278	0.00173617247697926	0.0023754508581282	0.00550093505610337	0.00905856227160271	0.00171840490143417	0.00141360613364988	0.011394007	0.017793848	0.0095180469074508	0.0136509959323897	0.001848346	0.001935371	0.00144706217801006	0.008175371	0.00339916	0.002958814	0.013405362	0.0106140694681313	0.00838424136641317	0.111060885	0.008163584	0.129027643	0.053224369	0.019599079	0.005450736	0.081420629	0.0587145821616275	0.00688134097926775	0.0203467104097837	0.115163785	0.008806076241652	0.00396817883947159
G[C>T]G	0.00048196	0.00165805096328539	0.00205130944193581	6.80863758505141e-05	0.00154733889378938	0.00189881447638362	0	0	2.2965606707395e-06	0.00150522174187594	0.00135136875494293	0.000646823296843694	0.000245080040812709	0.001968964	0.002529126	0.000110096504378418	0	2.24e-16	0.002775326	0.00116560376293562	0.01480973	0.005698592	0.004478204	0.000528211	0.00597438640721164	0.00134023189128538	0.178097635	1.92e-05	0.277059358	0.020509391	4.34e-05	0.006680903	0.049612571	0.0349329945891434	0.0686369651521835	0.0337006831011406	0.001782535	0.000261809722848614	0.00113288562187161
G[C>T]T	0.003809684	0.00458070391235487	0.00884591183970695	0.00065557766072143	0.000173027259950282	0.00476236569426678	0.00494697620220187	0.00677444039709774	0.00288284099066571	0.00706168941565065	0.00842826612744023	0.00112135042045776	0.00171859330730543	0.005697003	0.006027916	0.00242382770063039	0.0140658316028602	0.001754965	0.003698757	0.000208031612360667	0.006694398	0.003629104	0.003198717	0.011304522	0.0182197599652553	0.0159892781448697	0.074440809	0.010504612	0.077216543	0.033115162	0.008049622	0.004980673	0.066616878	0.0483680158253011	0	0.013122935101541	0.069699125	0.00127563653159408	0.00231278566274178
T[C>T]A	0.00373969	0.00148337017341231	0.00348263477646337	0.00163089857523603	0.00433459729994388	0.00696458034271517	0.00311521726221244	0.00475507226378737	0.00987483644494006	0.0211362146014475	0.027626836510041	0.00416498452226144	0.0036940220921462	0.007476068	0.002958977	0.000368912258050297	0.00724771255338558	0.001599716	0.007056734	0.00151278125555127	0.011407495	0.010697358	0.006447415	0.005762305	0.0236115377689268	0.0237813240244359	0.012006582	0.003541555	0.026505679	0.008073697	0.003599831	0.003290445	0.001400355	0.00831022244632779	0.0420820467578297	0.00386602900291877	0.009793929	0	0.004647987631548
T[C>T]C	0.00698942	0.00776918136047694	0.00674268040728833	5.07546349453725e-05	0.00529565036407626	0.00703255484524956	0	0.00322030503718283	0.0086427649285763	0.0183616481274591	0.0148999282894122	0.00797274091443987	0.00660613914103625	0.024587067	0.012595646	0.0172736226793476	0.0198118291905869	0.001325646	0.004675479	0.00597174974685455	0.011407495	0.006858306	0.007227102	0.013305322	0.0117157293730072	0.0127166188754519	0.01050576	0.00013706	0.009562048	0.009194209	8.07e-05	0.002530342	0.00225057	0.0079417411709947	0.0062637847375386	0.00508282697594899	0.158225026	0.00198185760696104	0.0128256109217592
T[C>T]G	0.000280977	0.000637462633650355	0.000304453797127916	0.00039483530175692	5.01713543488674e-06	0.00193148348172993	0.00806950498703063	0.000307586049169749	0.000144932948416452	0.00192177102054695	0.00197493908399282	0.0015016505046954	0.000201778536122756	0.008405579	0.000764736	0	0.00134443862642238	3.85e-05	0.001523271	0.000670660052639475	0.011807758	0.003889039	0.003468609	0.000989396	0.00442782538690508	0.00542326393217803	0.052028522	0.005322337	0.021204543	0.00264121	0.000316985	0.002630355	7.68e-18	0.00782053022516145	0.0525805028672254	0.00232577840414635	2.94e-07	0.000390522874264294	0
T[C>T]T	0.007219401	0.000391489106386287	0.00662367803769615	0.00435336843661567	0.00621418560211873	0.0102276566589813	0.000876746929383026	0.010228395908617	0.0133830824956545	0.0281131296449216	0.0235433059059647	0.00624494825619197	0.00233130992906278	0.019489748	0.008037222	0.0230856803952756	0.0294812319361483	2.24e-16	0.004678896	5.31514172384494e-05	0.003752465	0.008327943	0.006577362	0.008173269	0.0154973888541678	0.0186074055604039	0.006993834	0.000359158	0.001740373	5e-05	7.31e-05	0.002130288	0.003020765	0.00785931772782809	0.00467578297309219	0.00662307757472141	0.119169482	0.00601552362143816	0.00764374922537059
A[T>A]A	0.009419218	0.00406684899160071	0.00558330084033524	0.0360706367324027	0.029064952634247	0.00515726518518083	0.00602768282335145	0.00252904475369108	0.00412687792095891	0.0130363943265167	0.00312889679116826	0.0143492548135689	0.0118665814363364	0.007855868	0.00488831	0.000109932025015636	0.000433669476956381	0.063701089	0.083256025	0.0461179256002427	0.002491637	0.002439397	0.001989202	0.005492197	0.0149359660180291	0.0084465777334497	9.83e-05	0.000613269	0.002040437	0.000511234	0.003459838	0.001520205	0.004781211	0.000669084420999554	0.00952801058667843	0.00331924004035457	0.000417594	0.00228817590229253	0.00276660149163801
A[T>A]C	0.003529707	0	0.000567794891035136	0.00997636899225304	0.0106074865822784	0.000821416000825655	0.00356783230139139	0.000826690224131104	0.000194508703765241	0.00161830281245446	0.000524075866171935	0.00627941571369057	0.0058567052703799	0.006066809	0.007357457	0.0221694256758954	0.0221353446526853	0.007040759	0.007517069	0.0122570972535473	0.000878577	0.001429647	0.001939222	0.007212885	0.00853786426278826	0.0014960728088767	0.000546299	0.000372163	0.00084118	0.005192377	0.005649735	0.003520476	0.002600659	0.0017551344956655	0.00379355977062197	0.00207933830834277	0.000441628	0.00102847907985209	0.00124908443289948
A[T>A]G	0.012398971	0.00573336038861023	0.00378086221034759	0.0433319064141453	0.0262463291425553	0.00582448034830636	0.000921315428113809	0.00916474282610761	0.00612649163279739	0.00625008500510031	0.0061511854460695	0.017264324613665	0.0207960547829254	0.005027356	0.00132954	0.00464489720495883	0.00115905212825176	0.060430237	0.033566042	0.0656194598663698	0.002601709	0.002529375	0.001079567	0.009643858	0.00944885226105103	0.00501807754644059	2.22e-16	0.000354155	0.000540116	0.000303139	0.000247988	0.000625084	1.08e-06	0.000261815642999825	0	0.000454373926637864	3.94e-05	0.00138280042236551	4.58179442635617e-05
A[T>A]T	0.004209651	0.00349565328723458	0.00206886284260405	0.0140810360688488	0.0112473311316098	0.00367930267683095	0.0165113254213758	0.00261265389571288	0.00184086811590961	0.00726496089765386	0.00467629264502852	0.00741828081036432	0.00975638473021501	0.004157813	0.007367453	0.00534804648085114	0.005580920679386	0.002504401	0.01930465	0.0120230616896416	0.007845154	0.003069242	0.00271891	0.006112445	0.00954418821435759	0.0135581598304451	0.00166091	0.001850813	0.009542044	0.025611726	0.001599925	0.003070415	0.030807806	0.0149283400888234	0.000529333921482134	0.0245207895324569	3.4e-06	0.000887259387408163	0.0064465354912764
C[T>A]A	0.014398805	0.00294031119376894	0.00188157757739622	0.0815876195762415	0.0648976854292512	0.00479359898623391	0.00786370151999561	0.0101561033465578	0.00407979842720875	0.0112042186816923	0.00748086058241204	0.0327894816228699	0.0378191694406645	0.02058917	0.05258182	0.016978980329928	0.0165109235023487	0.128009986	0.112995557	0.103619259663431	0.000542356	0.001259689	0.00089664	0.007943177	0.0143321716470875	0.0145555417030295	6.66e-05	0.000155068	0.000348075	0.000144066	6.19e-06	0.000944128	1.24e-05	0.000387875026666408	0.00229378032642258	0.000824034070343245	0.000184262	0.00508939586632457	0.0025897695638927
C[T>A]C	0.012198987	0.00250040744944294	0.00147457918519419	0.0573853941369238	0.0444418336166417	0.00494359187853905	0.0215261398377656	0.00857230932166812	0.00324984137089628	0.00150663039782387	0.00331249479531657	0.032843478355492	0.0327047615194904	0.021088907	0.032988595	0.0346489982735798	0.0459829493614461	0.055271043	0.020999437	0.0455773402819704	0.003062012	0.001459639	0.00201919	0.017807123	0.011567429001197	0.0039583593068196	0.000551302	0.002951296	0.000244052	0.006482969	0.000687968	0.001450196	0.003250823	0.0025939142408316	0	0.00320372124544663	0.000212302	0.00166444282179568	0.000832112987754363
C[T>A]G	0.032497303	0.00477100545715439	0.00327543784210551	0.169085362801136	0.12818749079859	0.0217522454211374	0.0415042078130549	0.0312074461338921	0.0127228213028169	0.00558629232039637	0.00438795527630896	0.0680973489276263	0.0784799299177735	0.018690169	0.058179885	0.0299485519020087	0.0270993176188643	0.168016059	0.057753624	0.188689345425673	0.00321211	0.002139472	0.001779287	0.013205282	0.0101797612364014	0.00978680962473507	0.000115063	0.000317139	8.2e-05	0.000123056	0.000124994	0.001140154	0.000582147	0.00105695944766596	0	0.00201772828439187	0.000305434	0.0094836978004029	0.0083438628975085
C[T>A]T	0.011799021	0.00388917988339388	0.00108408533204103	0.0614857191563244	0.0564965400779484	0.00598383148145581	0.0384881729445943	0.011401366450672	0.00394292840375587	0.00895419439452081	0.00702327596577394	0.0588363953546474	0.0612037991430531	0.030983703	0.066377051	0.0421279496626162	0.0425707274438287	0.060699247	0.027133895	0.068610848896964	0.002261486	0.001959516	0.002359054	0.012705082	0.0107517769562408	0.0104101732951004	0.000179098	0.001380606	0.001050225	0.000102047	2.22e-16	0.000642087	1.38e-05	0.00105695944766596	0.00035288928098809	0.0022564671272016	0.000162231	0.00369540699426468	0.000537885774246191
G[T>A]A	0.009219235	0.000554992809504544	0.000927728123310318	0.0360679001417335	0.0292796189226791	0.0025431574201848	0.0222525872935401	0.00436432516698875	0.00228898035635166	0.0176511269247583	0.00340992655736051	0.0282837009711381	0.0366243637683749	0.001899001	0.000716752	0.00135495108525801	0.00422460551081394	0.053393272	0.040465321	0.0434555717704884	0.001601052	0.000879783	0.000892642	0.007062825	0.00767984068302914	0.00928811868844284	5.1e-05	5.77e-05	0.000511109	5.56e-05	0.001169945	0.000783106	0.001160294	5.81812539999612e-05	0	0.0007316190344169	1.54e-06	0.00553788410599183	0.00237799353579891
G[T>A]C	0.003599701	0.00028030037877323	0.000153237346461607	0.0108210268242807	0.00643000231651049	0.00099406183986633	0.0025269257946576	0.00257702599839275	0.00163638268662185	0.00142881430028659	0.00134322373113685	0.0179803637729726	0.0150700205418823	0.00290847	0.005558079	0.00287637023832058	0.0106572640059043	0.010164741	0.004944145	0.00858894576307996	0.001951282	0.000630844	0.001119551	0.007482993	0.00941707360994884	0.00495574117940407	0.000489268	0.002731199	0.000589126	0.002561173	0.003259847	0.001150155	0.002360598	0.00094059693966604	0.00211733568592854	0.00273394481282105	0.000375534	0.00231631561960608	0
G[T>A]G	0.013098913	0.00547591870462377	0.00138820843712971	0.0550996111706026	0.0394479463730217	0.00911078911743563	0.0265485836690594	0.0107498723480115	0.00791830820829393	0.0030587263807257	0.00367745180356258	0.0472321343381696	0.0522171675459577	0.005766967	0.001119613	0.00207469782412195	0.00245507100591009	0.03767961	0.004158222	0.0581646272458343	0.001831203	0.001169711	0.001209515	0.011604642	0.0105505121659269	0.00539209574865977	0.000195107	0.000120053	0.00018704	0.002130975	0.000741965	0.000608082	0.00221056	0.00105695944766596	0	0.00127070674398725	0.000119169	0.00172774185910775	0.00194905734330386
G[T>A]T	0.005519542	0.000814937695212138	7.37242828066294e-05	0.0200910270329913	0.00935850746548155	0.00162822949139104	0.000294050366091116	0.00100424982387035	0.00015903682644871	0.00283564871035119	0.00363446123959911	0.0221134093649357	0.0229544560482888	0.000788585	0.002859012	0.000362841474296713	7.96923005782752e-05	0.009455955	0.004648091	0.0120944213706257	0.003462275	0.001119723	0.001839262	0.012304922	0.00754213319491965	0.00719985039271911	0.000248136	0.000857376	0.00084018	0.00430197	0.000936956	0.000834113	0.003180806	0.00177937668483215	0	0.00288796987269829	0.000164234	0.0016502810032784	0.00138674940829046
T[T>A]A	0.008879263	0.0076215894822527	0.00383617796963706	0.0386126010732398	0.0272099706650967	0.00393381550314057	0.00378177381099066	0.00482457961167876	0.00349710440311257	0.0237898309612862	0.00346266646800096	0.0344858903933755	0.035365395481933	0.006696478	0.004298514	0.0053308957691138	0.000259245940770068	0.070938828	0.118229641	0.051322454320898	0.0108071	0.002459393	0.002439022	0.006512605	0.0194697202419415	0.0165191372646802	0.000454249	0.000200088	0.001090233	0.012005497	0.000256988	0.001130153	0.006961764	0.00436844248783042	0.00467578297309219	0.00939552865251176	0.000186265	0.000121540282296541	0.00117398804806197
T[T>A]C	0.004309642	0.00188011794387942	0.000212220781095265	0.00802310003618138	0.00983492761599753	0.0012908133537915	0.00848009466578013	0.00254299718302385	0.000896024779956204	0.00396826881041434	0.00118407842832845	0.0158743884150531	0.0189175307083362	0.003748029	0.005298168	0.00690708654998271	0.000938176554426784	0.024061831	0.012839091	0.0329040698504182	0.002731795	0.001019748	0.000927628	0.010504202	0.0174147008039999	0.0182333873581848	0.000114063	0.00173076	0.000157034	0.000318146	0.000794963	0.00126017	2.07e-05	0.000261815642999825	0	0.000646905251484416	0.000202288	0.00212540694920435	0.000768242351165757
T[T>A]G	0.009539208	0.000876023579073552	0.0010990366206026	0.0390566220312917	0.0238856550734728	0.00601408587793713	0.0051482020202945	0.00897910874113108	0.00488942759323637	0.0117289430222956	0.00442335615899859	0.0339804247865395	0.0340756674664615	0.003268281	0.001379523	0.000814053224415299	0.000121576437390138	0.073791171	0.048350614	0.0618574082718031	0.001791177	0.000871785	0.000803678	0.006712685	0.0128703536963868	0.00919461413788804	2.95e-05	0.000357157	0.000149032	0.000176081	9.85e-05	0.000278038	5.02e-06	0.000155150010666563	0.00414644905161006	0.000123220047901794	0.000201286	0.00402112882016204	0.00769505687724176
T[T>A]T	0.005619534	0.000198723169194645	0.00111811654916911	0.016374919343551	0.0131162939717967	0.00268961584718918	0.00650661934394916	0.00341723812979282	0.00223385457938192	0.0087075824549473	0.00422165222530733	0.0276525285039021	0.0370166742114456	0.008875332	0.00540813	0.0016907132753731	0.00559125116279429	0.030231372	0.03731392	0.0221407979063487	0.007104668	0.002699333	0.002498998	0.013005202	0.0208573880067371	0.0215683829946391	0.000426234	0.0018208	0.000475102	0.006713074	7.64e-05	0.001310177	0.013903522	0.00287997207299808	0.00679311865902073	0.00683871265854955	0.00067496	0.000585784311396442	0.0175204370201389
A[T>C]A	0.00794934	0.00411444863363122	0.00136236769353894	0.00886746596520429	0.0160139293575187	0.000775264341654844	0.00369320901964689	0.000763623134867494	0.00525887430983359	0.0499071015689513	0.0140012430328864	0.0719344403467533	0.079686497634676	0.020389275	0.002039295	0.0033699578533595	0.00131604736589891	0.024922179	0.058397605	0.0121513331901595	0.002021328	0.005248704	0.002788882	0.016506603	0.0474561189792697	0.0604974442089515	0.002211213	0.012605535	0.003890834	0.010704901	0.016699215	0.084811461	0.019304891	0.0232482594108178	0	0.0607012760976211	0.001141624	0.112723170871628	0.104464209112253
A[T>C]C	0.000714941	9.66158245698796e-05	8.27799001637393e-05	0.0038292201037686	0.000834745880652191	0.000421731668776987	0.00467892942524184	0.000234212788868773	1.50191739517565e-05	0.00206924272599213	0.00072316175649695	0.00407798674086932	0.00346739128086109	0.00739611	0.000820716	0.00488141852863909	0.00108301414833492	0.000902945	0.001339207	0.000969172221983013	0.002091374	0.001689583	0.001639343	0.007763105	0.00951240956325541	0.00829073681585837	0.00113062	0.006302767	0.00196042	0.004552084	0.009999531	0.026103528	0.003240821	0.010972014816826	0.000794000882223202	0.0277784195488606	0.000939336	0.0897710625554192	0.0720920015875108
A[T>C]G	0.004999585	0.000137074550062589	0.000199377236743333	0.0135931931722136	0.0132516288034321	0.000398355644575934	0	0.000296041028928403	0.00170611159394358	0.00719310730072376	0.00326961882584387	0.0386634421754883	0.043989353023648	0.008115731	0.000919682	0.00136561233850014	0.00314489430615378	0.007728289	0.012627045	0.00354390428012508	0.002081367	0.003839052	0.00216913	0.012304922	0.0163660053176276	0.0259630968707144	0.004242326	0.012405447	0.000240051	0.01860852	0.003879818	0.07851061	0.027206893	0.0368287337819754	0.00414644905161006	0.0736162773683278	0.000320456	0.0483364016762566	0.0477609840427572
A[T>C]T	0.001559871	0.000118737142105462	5.70761098417325e-05	0.00180199022387647	0.00239328544940927	0.000170056334182222	0.000639535704326603	0.000119096460708865	0.000500750076685156	0.00661391897799582	0.00233792154101312	0.0165991986172232	0.0231654129439438	0.008465547	0.002029298	7.07560313348737e-05	0.000114689448451274	0.000753316	0.005912485	4.12654672933183e-05	0.004242788	0.005118736	0.003488601	0.017306923	0.0213340677732699	0.0244981922453559	0.000502275	0.005972622	0.000929199	0.000103047	0.025598797	0.037205027	0.000267068	0.00827143494366115	0.00802823114247905	0.0167733290206317	0.001191695	0.0698372301273132	0.0664004768444485
C[T>C]A	0.00517957	0.00490138539796279	0.00376138812359291	0.0135579458843939	0.0136912992357944	0.000812404941580314	0.00543761115898569	0.000717803286649366	0.00135888160557416	0.00790521931315879	0.00364335553507566	0.0388165242829474	0.0345022398203849	0.008145715	0.00132954	0.00521019782217062	0.00304503296654027	0.006740526	0.008932492	0.00294753966113893	0.000386254	0.00149963	0.001949218	0.008833533	0.0251157272544305	0.0129971325271163	0.00166091	0.003161388	0.000750161	0.01170536	0.01149946	0.052007028	0.0146037	0.0224676609196517	0	0.041941023804573	0.000328467	0.0186393134718222	0.0185070008200075
C[T>C]C	0.002359804	0.000960259227689307	3.80997313077076e-05	0.00691167934571693	0.00291765599304657	0.0001881202188803	0.00018336027152579	0.00164111496252635	0.00121409011198163	3.76086850925341e-05	9.61976675278678e-05	0.00146058420791823	0.00303216259073385	0.00990479	0.002019302	0.0065333894377424	0.00712719024695548	0.00134416	0.001273541	3.07319427350985e-05	0.002461617	0.001879536	0.00231907	0.014505802	0.0114720930478904	0.00473756389477621	0.001030565	0.005342346	0.00215046	0.004832212	0.002819868	0.031204217	0.003200811	0.0165913542656556	0	0.0323991713451779	0.000714015	0.0403857054037055	0.0427804820061813
C[T>C]G	0.005499544	0.0034244187638371	0.00136133887386133	0.0121476530049736	0.00764210389004714	0.000531561131896485	0	0.00100100772914504	0.00101849137398499	0.000854289114489726	0.00251964195850482	0.0195337291686704	0.0177969646828025	0.004457655	0.001559461	0.00604101298892033	0	0.002030194	0.002977989	0.00104966902082511	0.001621065	0.001849543	0.002538982	0.010104042	0.00907810133152548	0.00548560029921456	0.005322918	0.004471963	0.001390298	0.026111955	0.014399323	0.078710637	0.033808566	0.044431084304637	0.00229378032642258	0.0783910542245223	0.000131187	0.0161979630952205	0.0134329978019352
C[T>C]T	0.002559788	0.000199596379097365	0.000721075661703914	0.00328157357904172	0.00307160535583362	0.00118354468126287	1.15077008135118e-05	0.000790245213506215	0.00222798004375314	0.0032752708019624	0.00470120372433153	0.0142128239827941	0.0119267462768982	0.013792745	0.003178901	0.00638538791657744	0.00703969737727298	0.000539549	0.002410069	0.000428246048531884	0.002561683	0.002159467	0.004268288	0.015806323	0.0113555713271824	0.0133399825458172	0.001270696	0.002060905	0.001750375	0.006903161	0.02169898	0.055507501	0.007711954	0.0143368306731571	0.00502867225408028	0.0288873999799767	8.46e-05	0.0183242589897431	0.0159795535136346
G[T>C]A	0.002899759	0.00175140680421844	0.000204651607752878	0.0216462132663786	0.0152340843601604	0.000419317059911998	0.000380771382166421	0.000643964359626326	0.000613447966991301	0.0116028926021276	0.00625787291698399	0.0248694697512634	0.0280262430774668	0.004527618	0.000564805	0.000603609356070622	0.00415355708410791	0.000716882	0.00587282	0.00302256078646329	0.000708465	0.002339422	0.001699319	0.009983994	0.00899335826191964	0.0129036279765615	0.00257141	0.011004831	0.012902764	0.002761265	0.222989525	0.083511285	0.027006842	0.0163877198766557	0	0.0374896995741207	0.000810152	0.100245597199442	0.0869140361759063
G[T>C]C	0.001179902	0.000857317482490832	7.85209875372859e-05	0.00360394395987735	0.00120310588165817	0.000106049621350305	0.000214640872632132	0.000588673026004719	0.000637162452178285	0.000326261718560256	3.01471660354905e-05	0.000869326838083725	0.000873748109589983	0.006566546	0.002029298	0.0010047745218955	0.000749276286389391	0.001235714	0.001225361	0.000437306199091355	0.002261486	0.001399654	0.002159134	0.005642257	0.00391936696927004	0.00495574117940407	0.001110609	0.006542873	0.011602486	0.002261036	0.066296885	0.024803352	0.001160294	0.00723871768516184	0	0.0160956187571718	0.000861225	0.0888048709544137	0.0782410019645411
G[T>C]G	0.002369803	0.000785888912448308	0.000197496634540436	0.00132195573261743	0.0068996796926522	0.000745187451554952	9.69571477381519e-05	9.22547279559634e-06	0.00265290201394392	0.00143270024772915	0.000205124138492943	0.0103231748302646	0.00943887560456992	0.005127303	0.000190934	8.25387347777901e-05	0	0.000583783	0.001608612	0.000832511285934877	0.003982617	0.001839546	0.00186925	0.010904362	0.00398292427147442	0.0068570003740182	0.002451344	0.011004831	0.005951275	0.00406186	0.116994504	0.071209623	0.017304385	0.0194131450846537	0.00952801058667843	0.0299963804110929	0.000561799	0.0605639977943121	0.0694778802437177
G[T>C]T	0.000754937	0.000160709431429553	5.07395159182956e-06	0.000655796587974968	0.00385673911697841	0.000122427195424834	0.000637310458312941	0	1.87219619897242e-05	0.00156428814300287	0.00100801721568902	0.00461000530949598	0.00409072678222118	0.004687534	0.000420855	2.96511433087605e-05	0.00103515660274955	0.000846166	0.002024085	0.000236267615560571	0.003152071	0.002649346	0.003048777	0.010204082	0.00702308189358389	0.00903877322029672	0.000906497	0.011204919	0.005861256	0.000928425	0.132993752	0.055207461	0.011102813	0.00799507398716134	0	0.0183597871373672	0.000237338	0.0959694636861086	0.0787804713082895
T[T>C]A	0.0024098	0.00395441836545934	4.97708220660042e-06	0.00273680959648642	0.00390037541275126	0.000924231351490856	0.0186177432979087	0.00181457142341269	0.0022490068872856	0.0304111210958372	0.00682054068166568	0.0458409647116551	0.0513502123475262	0.004587587	0.000367873	0.00283661109053541	0.00290321721471755	0.004574468	0.023569448	0.00639747786519455	0.001801183	0.002969267	0.002109154	0.015206082	0.0305816552440071	0.0309500062336367	0.001480811	0.006272754	0.003420732	0.013806321	0.084196045	0.042305718	0.019905043	0.0193016310144871	0	0.0379594760067463	0.000113161	0.0228974228524974	0.0311114398679599
T[T>C]C	0.000502958	2.25676248191946e-05	0.000677891957833491	0.000248372969139576	0.000686804297876342	0.000736314742871604	0.00249195764301434	1.06400452909211e-05	0.000316309628034389	0.00428188905620052	0.000716612240600936	0.00187473503570322	0.00179463030020445	0.010294585	0.000821716	0.00294029289976533	0.000471899293106806	2.26e-16	0.00192051	0.00058371999138494	0.006184063	0.002279437	0.002189122	0.008993597	0.00548711375697806	0.00383368657274654	0.001090598	0.002881265	0.005921269	0.016607604	0.054797426	0.031404244	0.010502661	0.0133235071659911	0.00247022496691663	0.0341935632927477	0.000467665	0.0431746947062908	0.0365107784426502
T[T>C]G	0.001739856	0.000139927035744809	0.000305171966708063	0.000293617934870894	0.00145509710122378	7.18953052535345e-05	0.0014413872107355	0.000133646349232206	0.000248036873311862	0.00893535969301015	0.00376494910475214	0.0181659604104179	0.0159553126357075	0.004007892	0.000437849	1.23808102166685e-05	8.71414926958212e-05	0.001229853	0.005352445	0.000170713467944594	0.003262143	0.001379659	0.00191923	0.006932773	0.010624662351832	0.00473756389477621	0.002131169	0.004311893	0.001320283	0.012005497	0.027598704	0.030304095	0.019104841	0.0228361421949848	0.0043228936921041	0.0380056835247095	0.000155221	0.00378853167966616	0.000412994926172934
T[T>C]T	0.000635947	0.0029607249008281	0.000236264430573862	0.00183501175128521	8.85188863352628e-06	0.000228808336046331	0.000350571614838144	0.000299116186526935	0.00115045208296056	0.0140297882158644	0.000214961634778208	0.0150674867335921	0.0125059939346308	0.012093639	0.001059634	0.000778017291296735	0.00150143386406953	2.23e-16	0.004003968	0.000263415081253937	0.003372216	0.002799309	0.003058773	0.013905562	0.015921104202197	0.0233138012716619	0.001740954	0.002921283	0.001350289	0.01930884	0.040698088	0.057407758	0.037109402	0.0135610806198243	0.0110277900308778	0.0299039653751665	0.000106151	0.0200606757290248	0.0149927081902989
A[T>G]A	0.001049913	0.00181771254283167	0.000898299872142432	0.000768288708418235	0.00430443057478125	0.000503340227637681	0.000456175432800813	0.000187031085142723	0.000974399073281187	0.00105023801428086	0.000465315337285215	0.000513914587968338	0.000728982450388472	0.003678065	0.003048946	0.000450494021990083	0.000454541269964977	0.002322747	0.010846429	0.00351409594497128	0.000721474	0.001089731	0.001149539	0.003951581	0.00469264747942332	0.00386485475626481	2.57e-05	0.000212093	0.0004681	1.05e-05	0.000391982	0.002920395	2.4e-08	5.33328161666311e-05	0	0.000392763902686967	0.00021831	0.000972015725503985	0.00106341970637525
A[T>G]C	0.000158987	0	0	0.00221003413659689	0.000977031202460045	1.42422767214902e-05	0	0.000208223314078893	0	0.000283164132705105	0.000216468993079982	0.000319540055283335	0.000533012249779599	0.002478696	0.000965666	0.00248933534502559	0.000580896434373917	5.11e-05	0.001037752	0.00064544776473551	0.000858564	0.000622846	0.001069571	0.00260104	0	0.00218177284627852	0.000204112	0.002971305	0.000415089	2.13e-05	0.000436979	0.002530342	3.26e-05	0.00049454065899967	0	0.00212554582630594	4.68e-05	0	0
A[T>G]G	0.001419882	0.000169208674482697	0.000565299669284579	0.0048370152275581	0.0050495710556919	0.00174895993464048	0.00379531602244523	0.00186855361851378	0.00206511561618653	0.00298033953465779	0.00746591922380673	0.000505911011356335	0.000734566117634468	0.004017887	0.004478452	0.00428042588970364	0.00374848969386702	0.002941736	0.00386347	0.000601444460683323	0.001991308	0.000935769	0.00206917	0.006302521	0.00548711375697806	0.00592195486847027	0.000107059	0.000709311	0.00018504	2.69e-05	0.000186991	0.002290309	7.47e-06	0.000732114112832845	0.00317600352889281	0.00160956187571718	0.000179255	0	0.00746353901602059
A[T>G]T	0.000215982	0.000261244998229421	3.00395303919178e-05	0.0023505489454931	0.000463909268205419	2.78006317968972e-06	0.00919834050053285	0.000638499365265506	3.19271858464763e-05	3.02253849516685e-05	0.00158895839416942	0.000119889192126377	0.000309051026148195	0.000782588	0.002629091	0.000206630937662007	0.00350252580319333	4.17e-05	0.003314154	0.000195441961401208	0.00184121	0.000983757	0.002858854	0.003971589	0.00559304259398536	0.00741802767734696	0.000386212	0.011104875	0.003630778	5.82e-05	6.95e-05	0.005930801	0.00142036	0.00212361577099858	0	0.00481328312116381	0.000285406	0.000110995551625668	1.37594594524214e-05
C[T>G]A	0.000869928	0.000144855820529052	7.86145165988865e-05	0.00381681422606808	0.00326529234864157	6.18400908233328e-05	0	5.55285600649227e-05	0.000178940352261786	0.000746891242045951	0.000789511966657517	0.00201874459570138	0.00193545104893749	0.001968964	0.003708718	0.00147620228096691	0.00246385543057701	0.004910383	0.00710341	0.00608058150685169	0.000111073	0.000477882	0.000982606	0.004371749	0.00199146213573721	0.00243111831442464	4.95e-05	4.85e-05	0.000206044	0.000963441	4.35e-06	0.001420192	0.000234059	0.000722417237166185	0.0043228936921041	0.000700814022441451	2.22e-16	0.0041317565323457	0.00373880759468672
C[T>G]C	0.000440963	0	0.000132126501128912	0.00798044570961694	0.0035832573013621	0.00029084942674275	0.000903767773834642	0.000152132439481667	0.000140664341082794	0.000159202409287414	0.00133740585698965	0.000417138464260015	0.000882120306513861	0.001429248	0.000517821	0.000608573642292764	0.00518808120828145	0.000882732	0.002281548	0.0020200067476131	0.001991308	0.00056586	0.001409435	0.007042817	0.00403588868997807	0.00321032290238125	0.00078443	0.001210531	0.000157034	0.001600733	5.44e-05	0.004940667	0.002530641	0.00396602214766402	0	0.00639203998490554	2.22e-16	0.00359624361135691	0.00790588276363424
C[T>G]G	0.003789685	0.00216288271504477	0.0012917031471761	0.0082805949742184	0.00965087544060116	0.00265677455623737	0.00973894812493777	0.00523949744720185	0.00581970108232578	0.000815393209306844	0.00202297180555053	0.00251442500784392	0.00258498683506725	0.001499211	0.006357802	0.000967019031802399	0	0.008030768	0.00631253	0.00158978153997842	0.002931926	0.000886781	0.001589363	0.010704282	0.00807177737995615	0.00910110958733325	0.000924507	0.000435191	0.000272058	0.002711242	2.01e-05	0.005560751	0.003470879	0.00477571126583015	0.000176444640494045	0.00934161988155473	2.22e-16	0.00596338238053364	0.00253990471979019
C[T>G]T	0.0011999	4.52322729609137e-05	0.000389161064025353	0.000451683411925785	0.0009410803912228	0.000115828134656518	0.00157916172820998	9.77900116333212e-06	0.000418381764802365	0.000230035945013844	5.31365838777593e-05	0.000831837482223906	0.00106499366868301	0.000948501	0.002709063	0.000944081637029006	0	0.001197879	0.002650798	0.00255307126129479	0.004142722	0.001069736	0.006877242	0.007032813	0.004470196921708	0.00283630470016208	0.001300713	0.000962422	0.002490533	0.005112341	0.000184991	0.007801054	0.000384097	0.00687993328549541	0.00070577856197618	0.0105969241195543	0.000133189	0.00229424525308564	0.00345837503106436
G[T>G]A	0.00059795	0.000325610270392163	5.20288808389316e-05	0.00272469562179062	0.000219347882962182	0.00040828294999599	0	0.000131335587951023	0.000440099240710445	0.000965925098363045	0.000354220385956184	0.00110948210308448	0.00151614076637901	0.00030384	0.001759392	0	0	0.001580918	0.002957566	0.000811730115355508	0.000870572	0.000184954	0.000503798	0.004421769	0.00422656059659121	0	4.35e-05	7.79e-05	0.000203043	2.22e-16	0.000285987	0.001370185	7.68e-18	0	0	0	9.58e-05	0.00229865932638973	0.00050206191306316
G[T>G]C	0.000252979	0	0	0	0.000967971598028259	6.31818302358779e-05	0.0061784273461627	0.000506548745794777	0	0.000656470102491864	0.000831814963676323	0.000403324071751626	0	0.000871542	0.005068248	0.00201052096729835	0.0017069894012754	0.000235184	0.000445633	0	3.7e-05	0.000312923	0.000938624	0.002340936	0.00137707488109488	0.00314798653534472	0.000213117	0.002100923	0.000580124	6.65e-05	0.000532975	0.001210163	1.83e-05	0.000586660977832942	0	0.000569892721545795	2.22e-16	0.000691814030555012	0
G[T>G]G	0.002429798	0.00246586714662423	0.000844370347158833	0.00502638730186901	0.00277906162119241	0.00249089745318255	0.00163123248492968	0.00370631173021941	0.00291790514525447	0.00300244086073736	0.00212042119751613	0.00206625212708068	0.000979732061020192	0.002548659	0.004038604	0.0014507677904131	0.00420436619638137	0.000452155	0.001238005	0.00106556826561758	0.005833833	0.001529622	0.002159134	0.010904362	0.00540237068737222	0.00704400947512779	0.00027415	0.000781343	0.000347074	8.7e-05	0.00021299	0.002350318	0.000103026	1.45453134999903e-05	0.00414644905161006	0.000885644094294142	0.000130185	0.00408856605119669	0.00601763448921473
G[T>G]T	0.000251979	0.000127682692442219	5.04722900280083e-05	0.00301897033842213	7.52570315233011e-05	0.000208207154249044	0	0.000225277259503895	0.000236712166526077	0.000359486569194152	7.00789385912718e-06	0.000573831774522582	0.000341945103722831	0.002808523	0.003348842	0	0	1.99e-05	0.001069892	7.37786532209341e-06	0.002141407	0.000488879	0.003338661	0.005832333	0.00408885310848172	0.00336616381997257	0.000787431	0.002250989	0.001390298	0.003561631	0.002589878	0.006050817	0.002800709	0.00103271725849931	0.00291133656815174	0.00322682500442822	0.000154219	0	0.000191928623666256
T[T>G]A	0.000376969	0.000309659636169138	0.000122646662670972	0.00537973588908036	0.000267505991881764	0.000572186599751425	0.00505327938319741	0.000126283543324863	0.000897356119475474	0.00189472725506388	0.00300009258353359	0.00154392281986616	0.0025133903444041	0.002248817	0.004288517	0.00174937259720884	0	0.00499931	0.011959106	0.0031146026800717	0.000696458	0.000787805	0.001169531	0.007252901	0.00692774594027732	0.00261812741553422	0.000105058	9.92e-05	0.000231049	2.22e-16	0.000464978	0.001430193	7.68e-18	0	0.00141155712395236	0.000246440095803587	8.52e-05	0.00571650080837315	0.00534078169354242
T[T>G]C	0.000173986	0.000120697013220456	2.3833209089996e-05	0.00237116459520132	0.00196051757280447	1.25168102785091e-05	0.00409477055742667	0	0.000276918620008009	0	0.000747288304286172	7.76031722011445e-05	0.0011758740667751	0.002378749	0.00193933	0.000710625610564216	0.000470142408173422	0.000766716	0.002231236	0.00127815194391468	0.002101381	0.000743816	0.000902638	0.006282513	0.00398292427147442	0.00579728213439721	0.000287157	0.001200527	0.000294063	2.22e-16	0.000378982	0.001720232	7.68e-18	0.000867870372166088	0.00414644905161006	0.00130921300895656	6.74e-05	0.000631304442344831	0.000699233911303357
T[T>G]G	0.002319807	0.00240588732863959	0.00166044481285987	0.00430750317699933	0.00986432739052043	0.00223076185120246	0.00520097214004707	0.00142617901871809	0.00716481164474749	0.00579689852819741	0.00286274667885552	0.0029231967194984	0.00185175551125964	0.005347187	0.004818334	0.00253766237234476	0.00197909573975784	0.005614984	0.006891149	0.00442406931912397	0.001450953	0.000901777	0.001899238	0.008053221	0.00766924779932841	0.00604662760254332	0.000324178	0.00011405	0.000148032	0.002791278	0.000130994	0.002840384	0.000917232	0.000926051626166049	0.00414644905161006	0.00311130620952029	0.000101144	0.00429985915734298	0.00903883876637261
T[T>G]T	0.000567953	0.00334433571342539	1.07558420840627e-05	0.000530241808070563	3.31067026149214e-05	0.000249696660519455	0.000246112209111073	0	0	0.00165581434886093	0.0021911348132871	0.00195329754071744	0.00131596133969239	0.007296162	0.003618749	0.000949972988750464	0.000133312428745139	0.000597597	0.00513089	0.000117375130124213	0.005163392	0.001809553	0.00528788	0.010504202	0.0106352552355328	0.0158957735943149	0.001010554	0.000605266	0.005991284	0.001510691	2.22e-16	0.009451277	0.009002281	0.00177937668483215	0	0.00278785358377808	5.56e-05	0.00339669071406801	0.00390561024891812
